194
3773
4353
1774
4622
626
3280
1254
508
962
3954
3819
3867
2165
4372
552
1166
2292
2478
625
2094
2009
4685
4323
3697
1248
1628
1318
4308
2246
3258
162
3951
2320
305
4318
2237
2105
3602
524
600
843
4702
1878
1766
2028
1789
1244
2944
3033
2367
1645
522
3321
126
388
2807
4384
1411
3165
986
3125
3977
934
3108
2886
731
1125
4565
2134
2226
2788
3232
1564
4825
725
3448
2830
3915
1603
3619
2443
477
3205
1158
1352
525
4243
3339
1930
4539
1320
363
1171
4271
2436
4078
1013
613
4857
4152
1139
2845
2179
869
4280
1866
2737
2852
4187
3149
2832
2093
528
2987
283
1790
2023
455
3215
95
2791
197
1452
4564
3049
839
3929
4253
4403
3559
1221
3563
2986
2870
3720
3865
4252
1378
1339
4467
1861
1274
1380
379
4476
2175
3164
2338
2361
3940
3180
3505
4428
713
4450
3123
1981
3661
1655
3537
2771
3440
1586
4050
262
1589
2689
1257
3213
2912
4588
4589
1646
3312
1678
3307
1070
2500
4806
4497
1261
2178
1775
4464
2144
2553
1426
2296
2332
4143
2039
1777
1228
153
767
852
3632
4811
3649
1872
1337
431
4223
1620
1725
212
4096
1875
1398
3686
1381
1004
4645
3135
361
633
746
4568
4109
3365
744
2950
4162
3828
4512
900
170
4466
94
3498
4613
4586
4067
1690
801
724
1276
3511
1617
585
4289
2533
1416
1127
4992
3891
1048
1443
1788
3462
2323
3859
3095
129
898
1341
2508
831
2272
3265
1137
2943
403
4071
1853
994
3726
1934
4118
3585
100
3369
473
3250
2665
176
4051
3206
433
2489
35
3160
3387
1561
1891
1283
3076
34
999
1594
3653
2475
1876
4133
3791
4881
3239
4414
760
2048
38
3732
2528
2701
2304
1644
2910
4114
2129
4536
4747
3665
3759
2497
3395
3034
1560
2848
3202
4513
4294
1528
120
2222
1827
1967
2664
4758
2589
1722
1633
938
4919
218
274
4895
847
4488
1305
4173
4055
382
738
3443
1578
368
2596
2896
3971
2314
2267
1030
4463
4337
4540
3187
4184
2956
3024
1247
4299
3656
1053
4246
755
3025
1449
3672
3330
3167
255
786
4239
3065
2092
3372
818
3237
3254
31
3922
1554
1263
1828
1543
1841
3756
4313
144
4468
3475
4521
1700
2173
2308
4018
1642
4327
4130
1819
3412
260
1198
1689
4833
927
4924
3762
2431
2317
4191
1050
3507
228
3654
4070
3941
1350
1343
1640
409
1736
3789
2341
3837
113
1911
2808
2959
4400
2970
4712
2605
1961
3316
3635
2211
2374
3374
4866
2294
680
2356
3051
2104
2126
985
4631
86
373
4238
3629
1192
130
306
2995
2476
3832
3212
119
2800
2182
561
4136
2249
1738
314
3550
221
2176
4873
2784
1451
3072
70
2542
428
366
2203
706
2441
2941
3005
1597
4112
1386
4617
4985
1033
13
822
2530
4689
2334
4703
921
4407
298
567
4030
980
4843
3850
3138
4144
3827
122
4433
3037
3936
4268
1120
3640
3478
4195
2676
1314
1193
1054
1417
722
3884
2782
546
4220
3085
2641
780
4760
2662
1250
1889
2281
149
3126
79
1673
577
161
924
2926
2160
3918
3426
4165
4582
2384
4726
171
2406
882
313
2015
2971
1245
2814
1325
3829
2561
3386
3707
4068
4968
4
3980
2360
4595
3381
2740
4485
3199
805
2002
995
2077
226
4317
1359
181
1696
3414
2947
2650
3103
2026
2955
3253
2499
608
3875
4725
220
2180
909
4120
114
3089
2411
1364
3648
413
861
3885
837
334
2792
4546
1480
4976
311
946
3683
3175
1771
1094
1160
4412
705
4034
643
2558
2078
273
1956
1036
2562
4573
78
1977
2252
1739
2823
245
1608
4792
3203
1093
68
1109
1236
2819
1598
2672
580
4978
3610
4079
4723
2902
1104
4780
4003
444
1894
808
424
4424
1612
315
1809
182
1273
3976
2640
3910
203
2824
3650
3739
1937
1584
4099
443
817
441
3195
3533
1857
1169
3706
3577
582
3116
2383
3578
67
3845
264
445
3035
2577
3957
2031
2234
4454
1476
3690
243
1658
4056
469
2090
401
247
1951
66
2011
918
448
4154
3230
954
2464
3584
4479
4790
2391
4402
4082
2644
3569
699
4502
1989
1573
2305
4823
3041
1849
371
2626
3894
3809
4219
476
1648
3835
4004
160
3182
4040
700
4537
4628
2381
1485
4108
4434
2752
2481
2723
2521
2775
4010
2611
2798
726
3624
1599
3275
728
4922
4164
785
4632
2269
1041
2163
3375
2822
969
1455
502
3177
4494
925
1292
4597
3562
3451
4451
2413
2075
4378
3231
323
4879
3102
3989
3731
4861
1852
2041
3950
983
2442
1482
3142
2747
3247
3389
2582
2210
341
2128
138
2199
4544
892
4227
4292
1129
4611
4636
1821
3029
1868
4653
2218
2541
943
1241
3679
3993
4574
2564
3225
3352
246
1880
1610
3244
2044
41
3700
395
1574
4509
4961
328
287
2038
2692
3154
2397
3355
3575
669
519
1210
554
2416
4905
490
3597
2769
614
1413
1026
21
3570
708
3616
3853
965
3332
2091
3119
1372
2770
3434
2396
4386
3514
3295
1765
2337
1653
3014
1508
697
1693
2552
1634
4953
931
2563
3869
4751
1150
4178
4307
3193
3881
851
4753
4639
1181
4793
1354
4518
2253
4933
4549
682
2331
4640
2892
4691
3472
3004
2394
4551
4439
1830
4240
2001
3804
631
4688
4707
3907
3036
3945
751
103
2183
3157
4560
219
2846
3122
2313
117
1404
2301
2645
3948
1641
664
3647
4356
3466
4361
1422
4656
3800
1838
2717
1029
4708
1871
1767
1421
947
3861
2328
695
4859
1624
2260
745
505
1862
4642
4202
3433
2311
4445
4661
1884
3802
3863
3155
205
40
1353
2864
4267
2399
3071
4385
1873
4057
2973
2390
2548
4215
3292
775
1631
1078
482
3279
414
2514
3046
2922
85
2936
2621
1537
2410
3376
3586
3234
3807
2069
850
793
1805
1071
2135
3794
1064
3973
1086
1650
2532
2597
3502
4733
213
1979
1018
2857
2546
1625
4923
961
3184
878
2261
151
3601
391
462
2884
325
4288
2837
1918
393
4359
358
3404
2649
3086
649
3059
2787
2859
3728
4146
3140
4601
4188
3354
4950
3216
3530
202
4452
3399
2430
3238
3430
4528
1334
3473
370
1429
4436
3932
1224
4822
2255
2300
1973
1728
4672
541
4997
1923
3722
2043
1668
1342
500
2466
4816
152
3276
1027
2939
3596
4103
4810
3077
3341
4148
1797
4743
4784
2446
2929
4388
189
1799
4955
2059
481
1520
670
4824
1345
3561
4966
1924
1042
1319
2217
2803
3427
4742
1949
4304
3737
956
2598
3168
2235
4398
1002
4886
2797
1310
3613
4677
1388
2513
4377
769
4137
4366
3441
544
4820
2158
4718
936
4250
2017
2639
22
964
1695
694
2425
4623
2587
1575
1108
4994
4245
2522
215
3487
3551
1075
3053
1360
729
2450
1907
134
1211
3453
3710
683
2385
2802
3023
240
3919
829
3326
644
2745
4284
1888
338
4272
3006
3527
1397
4473
1618
2763
1229
575
2287
1153
3566
968
3233
3560
2241
1463
4646
3786
1850
4594
754
1902
4204
2168
4856
2409
1704
97
2290
2194
4767
4499
1804
3968
4773
3204
747
1383
4862
4169
2862
4322
2454
467
3383
2887
854
3291
809
536
3750
3622
142
3543
1195
3842
2980
331
2879
612
714
4465
542
99
4349
1792
3535
1607
2149
2751
4524
3278
3384
787
1395
48
3782
3031
1373
1496
4819
4644
4007
1588
1750
2496
1893
3843
319
2924
344
2503
3744
4693
3565
2755
856
2705
2989
4947
486
1796
657
2767
1051
3525
583
1301
1768
1251
3896
673
4129
1194
1377
2574
2212
3356
1001
4254
1812
3615
1990
3310
54
4533
4729
4342
4842
439
4804
74
1581
3655
3070
587
4213
4958
759
3917
4650
2789
3520
3682
3252
2278
2958
3583
10
1281
4575
981
1237
4680
1870
4367
2838
2586
377
4409
865
1978
71
4210
3435
1390
3188
3221
1915
3734
762
3943
1517
3257
4296
3241
1801
4350
2085
4618
3604
4965
3209
3618
4970
3749
2826
4999
1864
3179
2923
795
4865
1936
89
3066
195
2545
2116
4587
210
4814
2742
1012
4028
3382
2055
825
4770
1538
978
2713
1063
2185
3603
1399
2042
4110
4762
3306
4543
4276
2502
2842
527
3052
3513
2661
4571
1991
3715
3409
4749
2487
1994
3256
493
2816
3856
884
3418
3021
4504
62
3467
4230
261
3420
2161
4405
4142
3463
2990
1034
733
1694
3921
198
4829
337
4515
2022
4369
453
993
547
578
4183
4719
758
2439
390
996
3127
3549
3871
4670
1278
3026
2904
294
761
1832
2550
2020
1585
1009
2433
4089
4766
727
1643
2484
3955
3218
4011
2455
2063
3826
187
3568
3396
2708
2147
4598
1370
881
1367
888
2945
616
350
3592
3342
304
2818
4234
1616
495
3296
3536
1309
1879
3301
4472
107
1203
3490
2772
45
2659
4709
4519
2282
4440
1834
2298
4805
64
774
450
14
998
4929
2200
4596
2920
118
2177
1459
3724
2247
1440
2051
2036
4371
4700
3458
1322
4074
1052
2535
3781
1914
1931
4177
1976
4963
4105
889
3675
3680
1260
3211
3617
3612
492
806
4809
2213
4776
275
386
3606
642
466
3651
3508
2005
4553
58
2291
2121
939
4754
4706
1744
1062
2232
4269
1778
4249
175
2377
1199
2198
2915
4614
4278
309
1015
3143
4720
3883
1869
1118
3500
11
557
3410
44
4085
1983
3101
135
4492
98
2962
3159
686
4772
2632
535
4258
52
3274
3522
1474
1471
3545
4710
3007
3998
1207
1656
668
1820
3115
2191
278
3846
3488
800
2937
365
4001
4300
4029
2263
3670
4281
4368
2579
639
4262
3657
653
4761
1433
1478
2774
1831
3822
217
3571
4209
4404
3926
3058
2855
1331
771
4815
1262
2693
922
3144
1143
329
3429
1524
4401
2881
2375
4584
1412
2434
3557
2347
1019
3392
2088
1409
1197
2376
1865
2764
2479
83
1099
1252
959
3609
3161
723
3156
2335
3810
1357
4812
2777
2208
1298
749
1327
2883
2494
333
483
1847
4352
3573
2709
4155
2428
472
3057
887
736
641
2525
233
1024
1040
1550
3636
461
584
3436
2704
4904
432
3721
2821
3151
1810
4483
609
1044
487
4257
1992
2270
3192
1076
2112
2273
496
948
4514
208
498
4663
4510
4616
452
1501
2974
4562
4788
1081
3139
3552
3668
3471
4668
3581
1970
4624
2720
3766
741
2900
3930
216
2813
2285
3008
3949
4935
2339
2071
2570
3960
186
926
2686
4870
3357
1548
3711
4475
2932
4547
1784
3189
4945
1957
2616
2302
604
4095
2033
81
2743
1356
82
5000
427
2849
2758
2087
2215
3677
154
1448
558
2369
2223
3939
3851
3299
343
1266
3489
1966
2901
4591
3733
4295
3970
1465
2365
324
1083
1929
3847
4481
4124
399
1566
3972
2519
4698
4444
2510
4956
4411
4395
3821
866
2559
4022
574
1779
1733
4244
7
992
1505
949
1605
2283
2021
3084
2289
2573
2240
4638
3425
1454
437
4844
36
1222
2583
3236
3534
1555
3009
4396
3302
307
4903
4511
2833
3343
3377
1313
2220
1717
2996
3862
1749
2578
4996
1619
3091
3016
1558
2766
548
1995
4491
1740
4375
1563
812
1231
491
3974
576
1687
2977
2426
2671
1822
2288
2668
531
589
75
3378
4973
3460
2794
3669
2501
627
2856
87
3117
3868
914
4944
3039
1684
2622
1770
2604
3150
3671
1467
3741
28
3422
2591
4914
3836
4854
3696
1233
2209
4721
4316
826
1941
2058
4960
2868
4990
4605
2110
651
1066
3923
3398
2120
517
1336
127
4991
374
1926
1406
2229
4334
3
1114
1317
1178
196
2371
3368
2079
1039
4355
960
4344
4896
879
1593
3248
3858
4621
2062
4132
2099
979
545
3515
4138
2315
4981
1201
2624
2608
244
2506
376
1747
4387
4211
1456
2718
3242
592
1189
2555
533
821
1787
1348
3364
509
1803
977
84
1023
2931
415
3713
3902
3689
1473
1267
3219
1080
2236
665
3328
268
3866
3718
2459
4783
2565
2940
405
4125
1216
2529
1755
1541
4902
3181
3714
456
556
3497
156
267
2687
4263
638
4052
2472
4251
3311
327
645
1055
732
2047
2474
709
3105
2540
2025
1507
1904
141
3666
3098
1488
4637
1513
3691
1214
4217
136
2167
2657
3705
2123
4869
2444
92
2652
2329
1308
4498
164
263
2801
2629
2518
937
1667
4090
1947
1885
1591
132
4627
4848
3416
870
2382
4828
4291
4293
3855
383
1998
1227
1958
3848
4724
3194
4567
4609
2007
239
989
1837
49
4874
4456
3996
1627
1106
4176
4140
2658
4094
111
3816
2905
1102
1565
1043
150
2919
845
417
4432
1705
538
788
4075
3148
3521
2760
4226
2018
2096
1432
815
3056
4818
372
3320
2012
435
3716
3747
1833
539
1077
4705
4694
3099
300
1795
1035
3141
3415
2702
290
4847
3944
2642
2925
836
4024
4813
4198
3628
3704
1758
2119
952
4493
4893
2316
4335
2498
748
3849
123
4983
2568
4200
249
599
2310
4266
757
1525
3684
3293
3817
966
1486
2172
3456
266
3226
4535
106
4115
1664
356
2122
3590
4755
2006
1746
4911
2492
4237
1859
4083
4389
1134
4939
4179
810
4625
1038
4969
347
1659
2810
671
2204
1938
2673
899
2084
1583
1060
3860
475
807
3893
3020
1408
661
2151
1032
2660
4550
4909
4311
286
572
2457
2504
190
658
1293
4527
976
4222
3074
3271
2166
3755
3028
503
446
1282
1065
2010
2019
3517
1157
1096
3997
420
3106
2083
1005
919
4778
2549
3938
2049
2370
3966
3770
717
2174
2865
1742
1531
3208
1437
2957
2898
2811
2483
63
2449
2205
116
4329
4264
691
3474
1909
2264
4927
4298
4338
1403
1928
2790
2388
1217
1506
1140
1549
3284
4941
1933
4714
4651
2463
4827
4765
2324
4897
3040
953
2796
3262
4531
2979
4336
4150
1971
4683
4017
1396
1091
4363
2268
2677
1103
1242
2067
4791
4474
90
2976
2619
933
718
666
3109
1384
1379
1288
1974
4641
701
3266
3267
4908
2722
1769
3484
2967
685
3417
2683
4660
4577
2227
2395
53
3771
3147
1962
942
2155
2942
4135
4101
3496
2728
3712
1851
3542
1901
2124
2707
2072
1697
901
1913
756
1604
430
2854
102
3032
4516
1427
1854
3934
3572
1905
2297
2714
4170
687
2423
3798
3351
2982
3937
4633
4320
3344
3309
1773
1090
3752
652
2482
3405
4699
3124
1115
3512
2825
940
1662
1107
2882
1997
5
272
109
4711
4131
241
860
1944
4836
3840
1446
2003
4602
4980
2429
3953
4581
2293
4583
2321
1277
2894
2364
282
1164
4221
1652
4259
512
2095
2336
4731
2539
1324
192
4752
636
3695
951
4117
4462
1601
3526
2951
3637
1523
2192
3043
579
1781
4520
4134
1204
4687
2306
4572
2448
2139
1845
2991
1649
4612
4437
2373
4181
4171
1651
2592
2678
750
2060
1258
1271
229
4664
2768
3760
2141
2873
3176
743
3574
1439
1964
2997
2746
1232
308
3538
3643
4850
4309
4438
4930
991
1702
191
2113
1657
3751
3027
4446
4186
471
4104
4884
1059
183
3825
2969
1098
3805
1047
4860
3582
2488
1122
3792
802
4838
1535
3958
1371
4832
410
4088
2330
553
1621
2631
4427
4381
4889
1268
2576
3611
3916
602
4417
4569
3913
2972
4777
3096
4156
2963
2073
4657
1515
511
1215
4216
24
2219
1303
1438
540
93
2880
2749
1307
3304
1008
3002
2417
4374
4123
4608
236
997
2259
716
2907
2224
3322
4882
4077
293
2037
80
1311
1401
88
4038
3334
253
4548
4988
3090
4228
2490
3633
1468
3428
591
2156
883
4469
1188
920
3461
4984
2783
3294
2127
269
1470
662
2045
173
2691
1084
2195
485
772
1387
4201
4899
3408
214
1677
4490
2543
618
610
1703
2266
650
3407
2961
2666
29
1444
3911
838
4065
2355
2013
2225
3844
3639
2594
1481
4561
515
1874
1087
2351
1435
3599
4097
730
2630
115
2694
4522
3403
4675
1546
3287
4701
1727
792
3494
4279
4669
4652
1291
1284
2440
4529
1987
1955
2831
2572
4098
1596
2646
1074
3888
1464
2930
4224
4745
840
530
4592
2040
796
1000
4319
4394
4830
1016
721
3432
3608
2711
9
2627
1366
3423
3555
310
397
3197
3120
2623
1672
3129
2759
3394
4541
2948
1752
209
4330
50
912
2735
2719
702
285
4756
1453
3044
4764
2663
3153
1361
454
4704
4759
4423
4360
1287
1592
1823
4713
188
3214
3015
2066
33
1187
1595
4031
406
2836
987
1732
3757
4674
4421
4728
4016
4599
624
2761
1072
1100
4207
1182
2061
4576
468
813
1511
3229
3137
1829
4626
833
2468
1270
2280
1306
3778
1442
3045
2106
4255
2638
470
4580
3131
2690
911
1190
2734
3183
1706
211
4600
3444
3087
660
3273
1205
4116
2368
1116
596
2580
3380
4080
2202
3055
1761
4339
2762
4769
4325
2843
872
2108
1660
2636
1101
494
1191
3171
844
398
2415
2917
1405
4328
4242
4042
1521
4283
2834
4315
2872
2557
4415
3445
279
4940
4285
1712
3047
1225
2715
564
777
2593
1984
4931
2342
1544
4351
3528
2820
4880
1358
1326
232
2380
166
369
3952
848
1132
3325
1886
885
248
4199
4093
4501
3118
1533
4979
2954
1579
4987
2387
1721
1910
4741
3529
3191
597
137
2295
549
4503
4168
4659
3289
2460
930
1365
4807
2614
3290
2654
3061
1349
1185
3010
876
238
179
4894
1297
3589
4798
1892
4799
3673
3393
3081
4676
3054
1259
460
2613
2634
3450
1295
910
4942
3370
2981
440
3694
4049
621
1735
2748
880
3198
3547
988
3927
2170
20
1882
2435
4648
1483
753
1431
4800
1021
3281
2633
465
474
3082
2899
2412
3928
4852
1272
1890
923
4877
1590
143
1965
3303
816
2946
1500
3676
345
499
2159
1424
1540
1815
4145
1393
1321
2895
4063
4441
2102
4480
2437
225
739
3588
77
2999
2984
2052
1600
3323
1793
2960
237
224
2851
2276
4196
3367
442
235
3166
4354
1351
3634
675
4382
4457
1530
2164
2732
1576
4890
4604
1415
4121
2595
3186
2082
2326
4647
1897
2827
4655
2358
1436
316
1184
2628
4147
3614
1701
3411
3553
4763
1908
3345
4025
1020
593
155
1950
1570
3485
2340
4013
2516
4737
819
3813
958
1811
1113
4888
521
3658
4619
270
950
1509
1980
834
488
4435
972
408
501
3264
2610
1315
3285
3067
2461
1131
4425
1368
4875
291
1647
4047
4370
4312
1092
1785
957
1730
2975
4662
59
276
4863
1213
1637
828
3083
823
3146
3873
165
4948
3903
4185
1675
532
3113
2046
3685
4768
1985
2143
1975
2908
895
322
783
3785
4297
4326
4735
4938
479
4891
2187
3092
2878
1615
2299
3719
3787
2014
4943
4936
4044
4746
2230
1490
1477
935
2136
421
3662
590
1606
2401
4416
1394
4986
1376
559
4654
1963
905
2275
4069
1170
4006
3121
478
4442
827
4205
296
4180
3479
886
15
4949
2473
2725
4113
4566
1450
400
3366
4449
2169
4064
3692
3659
573
2869
684
4534
667
3554
4808
157
3318
1363
3564
3397
2462
4678
3964
3419
2607
3313
3503
1920
2470
1807
1335
39
2785
1609
355
804
2333
1159
4041
3994
2876
4159
896
2418
2773
1710
4348
571
4470
1939
648
423
1492
4225
3962
457
4149
568
3839
4265
3872
781
1110
1982
4341
3979
4840
1058
941
3030
4740
2469
672
2
1289
4000
543
2348
3038
1817
4629
2034
3358
3228
4460
3870
3260
2138
2617
663
4373
605
3874
2068
1529
3988
1300
1751
47
4500
60
2238
4054
280
698
3501
2233
1952
4673
480
2251
3424
1534
4570
131
1025
1776
4236
259
1441
3920
1716
4151
206
4046
857
1714
2599
1577
3990
1547
1163
1142
846
251
3336
3235
1917
3735
4324
2729
1146
4839
4696
4771
4455
1759
3664
375
3088
2571
2386
2467
4921
2242
1935
158
1138
3286
4290
506
3912
4174
2897
763
1756
3531
970
4530
1824
3546
2721
1144
973
2697
1010
1128
2008
302
3905
4554
2998
1183
2517
1296
3359
1569
1818
2402
3200
862
1680
1484
359
1294
4111
3523
4841
2684
2125
4091
1434
2057
3075
3981
3245
2585
3539
1726
4484
2706
3373
710
3308
586
3992
4785
2486
2815
1302
2567
1079
1269
1960
595
277
1903
2103
1919
2699
4321
4993
928
133
1112
2032
2933
4964
2491
1105
4020
3808
1202
2534
4977
752
1900
4478
4408
3914
1676
4796
3048
418
2675
2132
507
3784
4867
3353
1007
3667
2515
874
2569
1312
1175
4390
588
2921
2635
2404
1743
3660
2117
1996
2731
4161
3892
2648
859
105
4229
4801
877
570
1234
3823
1279
1479
693
2890
4305
2262
711
3465
1516
945
2609
1635
790
2712
2419
4021
32
2512
336
3595
438
3857
3223
3224
3909
2682
2493
510
4214
2744
2004
1860
765
4072
4667
1174
3946
4477
4915
3222
1846
2422
2274
4615
894
3956
73
27
3975
4634
256
1167
2000
3761
3519
2231
4345
1698
1130
2362
3315
1611
1494
108
2076
1877
2407
2885
2327
121
4717
622
4732
3899
1638
2952
2637
3064
3820
1369
3799
1445
2527
381
2781
555
3736
4910
1946
2016
223
199
3594
635
1447
3775
394
1497
707
3331
1954
4087
2710
632
3831
55
794
234
3730
2913
566
2776
292
459
742
4716
1206
3795
1208
902
2741
4059
1895
1844
484
2681
782
1715
258
312
4286
2505
2101
4166
1707
3337
3246
2756
2647
875
2841
655
242
3350
353
2809
3558
3128
3783
463
18
407
346
1003
4260
1580
2839
1572
1240
1495
2538
4347
3190
3987
4555
982
4821
3324
2844
1986
4365
4671
835
2524
1731
2812
3022
3152
2485
3838
3196
908
4380
3627
2186
2188
516
647
1691
766
451
17
1699
147
1219
864
3532
1046
4775
3270
318
4885
1172
4192
971
654
1932
2024
4379
3621
2146
4926
159
4066
4302
863
1176
207
1218
4851
4835
2612
3878
1017
3114
2359
2780
1133
146
3362
2181
3879
3717
4876
1067
526
2254
380
2618
677
4489
3890
2847
1499
1654
4846
3504
2319
1037
1757
1786
1285
2086
2615
2162
3379
2458
4420
4158
907
3297
3935
3446
598
3268
2346
1332
3272
4523
1346
289
3406
4734
2322
4430
1061
4920
1423
4275
656
2053
4015
4918
1737
4542
3495
4692
2679
4858
3623
3134
565
929
4579
231
4233
1226
603
1239
1683
3742
3483
301
1945
581
2130
1223
4715
1333
3901
984
634
4274
3999
4270
1622
2625
3754
1613
172
76
2656
3486
3748
676
4073
1512
1856
1173
3824
3349
2054
6
2471
2520
1323
2750
3363
2949
1156
1
2171
2863
4697
1568
389
3900
4557
4431
4391
4035
4197
1149
4314
1328
378
1630
3580
830
2871
1340
2244
42
3841
4027
1162
1968
4092
367
458
4128
2877
3967
514
3093
3567
2817
4301
3457
1135
3985
4538
2424
2050
2207
1559
4853
4989
3347
3815
2526
419
139
3880
1826
1088
1887
2804
2389
3854
72
3063
2318
4331
1264
1124
2544
1280
2070
1304
2700
357
2667
4837
630
271
4429
1762
1734
611
620
776
779
1469
265
842
3011
2786
2277
3288
4419
550
3779
2206
4248
1145
520
2655
1720
4834
4459
1562
3390
2730
3982
3984
2453
163
1385
1123
3768
227
3201
4928
2600
3464
2350
1141
3068
2196
917
2685
1329
252
4426
125
3556
4730
3069
4787
4332
3638
3094
4593
4232
2309
1344
2451
3269
320
2935
2286
2968
2724
4736
4974
3698
814
4194
332
2189
3100
523
4383
4287
1723
3518
3806
3963
4203
3969
426
1916
513
3388
4235
4461
1794
434
1117
1148
1816
4084
4883
4635
3864
778
3481
1097
4643
2133
2372
4794
284
3243
1927
963
2393
2861
1230
4231
4892
1420
617
4526
1899
4558
2739
3210
1425
3598
3499
3314
4061
1881
3017
1839
1780
3060
1428
168
4045
594
288
1921
2560
1493
4658
4901
569
411
4392
4458
2799
2805
4160
3745
4157
890
3765
3439
563
1256
3904
2860
1355
4532
2420
4471
1614
4505
3793
1238
3317
784
2279
497
4610
4106
1049
1006
396
3468
3703
3591
1375
1745
2421
1959
2953
4887
3136
3699
3600
2778
180
2964
3421
489
167
4666
1151
1724
1671
4916
1858
4256
1840
4495
1571
1400
1988
3895
3185
3548
4058
4422
3743
679
25
4722
2994
3605
3255
3251
2239
1782
185
855
2914
1290
3300
897
4630
4665
4172
1179
4954
1330
364
1843
4686
3158
619
4606
1249
2363
4175
1186
2606
321
4241
1011
2097
3447
3631
4039
2918
560
820
169
3097
3630
4750
2378
720
1526
250
3391
735
2480
4826
4273
2867
3482
1419
2154
640
2349
4343
2911
2511
330
4193
903
1557
4206
1681
1057
3688
4871
56
4789
832
2344
1741
3942
3338
4556
4695
873
385
2284
3763
3169
2398
3340
2074
1056
2438
3431
23
4946
101
1636
3480
412
230
4757
145
1180
2556
342
1200
2916
2352
4795
1085
1855
1663
990
2250
4189
2795
4037
2137
623
51
43
2400
1532
335
1519
1246
3174
1685
2903
4578
3681
4552
3882
2081
2447
3348
867
893
3259
2258
26
1814
3814
1670
2408
3790
1713
4797
1626
3162
1661
2727
3110
849
2603
2736
4959
4907
1527
1504
2566
4340
3227
975
3319
1111
1069
1729
3978
678
4346
91
1407
2379
3401
3774
3509
3663
1014
3173
4141
1089
1265
2265
3576
295
2888
2757
3492
2027
429
4802
1045
1457
257
449
3454
1121
4026
2643
2456
637
1764
681
1460
770
1748
3019
607
4649
436
2536
1338
2029
1800
2985
1836
3277
4995
193
2669
3797
3298
340
3693
16
2537
1754
148
1095
1391
1362
402
1925
2345
2688
3740
2221
4453
4261
4559
4900
2248
4014
200
178
4399
2966
2733
3924
4878
3510
2153
4525
4376
1498
1275
1972
1068
2107
124
104
2853
2307
1491
326
3207
740
3455
737
1943
1489
425
1209
2779
254
19
2938
1623
4139
4932
2445
4357
1863
65
3400
1760
1969
3626
518
1161
4982
2906
4517
2109
1682
3801
3042
773
4277
4962
4486
3541
2452
1196
2928
3476
4487
1948
3073
551
1629
1942
128
3361
1022
2696
1136
4603
2588
3852
61
4748
3506
3607
3965
4898
3170
3130
696
3687
2325
3469
2531
30
3524
3003
906
2432
4849
1709
1082
1073
2765
4868
1347
891
2312
3780
1674
3729
4545
798
2509
3335
1235
646
1556
2080
4831
1255
2271
1126
2927
3738
1220
4023
4122
2695
3491
1867
3172
1808
688
2030
3305
4872
3674
1510
1152
4727
3013
4100
3818
387
3725
3644
2118
601
3830
2111
2680
1772
4212
4774
4247
3727
4679
4076
4358
3437
201
1669
1472
1518
1542
913
3107
1719
1374
3178
110
3000
974
4739
1679
2575
719
4102
4817
3470
4563
3283
4496
4048
1389
1414
2184
674
2523
2157
3645
2216
3796
3540
3641
4682
3587
3593
4786
4081
4607
2988
2152
712
916
204
2142
384
2035
1165
2551
4009
4036
3333
46
3493
4060
3642
2303
1835
4167
2148
2414
3516
4845
4957
1798
3371
4864
2793
2835
1212
1539
3702
1119
1418
2909
2100
299
3018
4208
2465
3111
1953
1462
464
3811
4190
3834
3050
2828
352
1783
690
4362
504
2405
868
1177
1922
1503
1711
2754
416
4019
3995
2590
1545
4952
317
3758
764
222
3240
3413
2507
4913
3112
4967
811
1458
4447
1487
96
4620
2115
4937
628
2064
537
1392
2581
4744
2891
824
2193
4005
3772
1999
1940
1632
2357
3646
2992
1502
2214
2840
4153
2366
703
2392
853
4306
3346
4781
4282
1582
1753
447
3449
2934
606
1430
3104
1898
2245
3249
3986
4998
1883
3579
4218
615
1791
3931
3360
2584
3261
659
4012
2674
4443
2858
2670
4855
3001
1028
944
1286
1848
1896
4182
2190
3991
1666
1763
1686
4163
3769
2150
2343
2965
4934
1551
69
1825
1842
1813
3652
1243
2197
2554
140
2874
174
4508
3933
562
2703
1708
1912
1154
3459
3876
3877
2243
3625
2098
281
2993
4413
362
3062
4738
2698
339
2653
4482
4303
2140
1316
4418
1587
2477
529
3079
1718
3217
3925
3959
3788
3452
841
3402
3886
3947
2726
3961
3263
2716
3833
1402
3906
2893
689
4406
303
4912
348
8
3477
704
4917
3908
4310
871
3746
4333
349
354
2354
3889
404
2427
3220
3080
2601
3898
3803
297
3767
1553
1522
4975
4507
112
4681
4906
932
1382
2353
3442
3327
4690
3544
4126
3701
4086
4971
967
1906
2602
184
803
2495
3620
2201
2651
3282
3753
1410
1155
1147
4684
37
2850
3163
2403
4972
3897
2228
1466
2547
4397
1253
791
3709
351
2978
3145
4410
3133
1031
3012
4032
4585
1168
3708
3764
2889
2089
1639
422
1475
797
2738
2256
3329
768
12
4033
734
360
2257
1514
1299
57
4364
915
3887
2875
1802
4008
2866
692
3723
534
1461
1567
392
3678
1536
4803
2806
4043
3812
789
2829
2753
3776
1665
4590
4393
1688
955
4062
177
4002
858
3438
1602
4448
4779
3385
4053
3983
2065
904
4925
4951
715
2145
4782
3078
1806
2983
3132
799
1552
3777
2620
2114
4107
2131
629
2056
4127
4119
1993
4506
1692
