3425
3926
825
2714
7370
9080
9099
7347
5702
2851
2581
4148
6205
1582
7948
1076
9328
7638
3954
8607
7688
1605
8872
3220
9606
6622
1161
9150
360
5345
8008
2879
6998
6627
4674
2549
8689
5647
3970
7808
3633
1828
3764
2341
9719
1476
4976
2269
5096
8881
6158
5290
6011
1745
293
3545
2574
437
4589
3044
685
8569
2877
7900
8877
5518
7011
510
6510
6637
6943
3613
5456
4168
4817
6016
9968
6625
2955
113
9027
2824
6394
4768
516
5791
6462
5181
2801
3675
5297
3581
41
7611
1864
9290
5703
175
3496
8213
1659
7649
6432
6861
8679
4685
9300
9248
5936
2747
172
1600
4936
8615
4335
2491
85
9376
736
5340
6575
2117
5760
4019
5572
3400
7656
7735
9114
9147
3830
3273
7036
8189
562
6339
3069
5108
8736
83
6019
9105
4570
4100
7155
7601
3828
7310
3741
234
405
535
863
4320
4075
6765
2621
4300
3638
5389
2181
1978
7223
9653
3554
2024
7377
443
2870
8289
6112
2125
7354
1331
263
1943
735
1324
4209
7499
3005
6836
1452
9732
3490
7954
9482
4495
608
6918
9769
3890
1791
8420
1638
240
4671
8574
2307
8841
3186
587
5483
2718
2265
9855
5383
3616
8955
5113
2272
9682
6900
9255
1923
5303
8798
906
7466
1909
9890
579
5905
4246
9498
6473
2637
5244
9632
6321
466
7317
1980
1519
3791
8449
454
9939
1218
6531
7967
849
7351
2902
2796
6661
6572
9504
239
9539
1098
5684
2950
3240
2310
6136
7327
298
3646
5991
8014
1026
3556
4877
8257
117
2676
6334
1841
847
5585
1772
727
4407
2630
963
6345
9028
6249
9729
700
3784
5546
7375
8165
4737
4591
1883
8951
6973
4905
1463
582
8185
6887
4103
722
3946
6996
1704
5726
3706
8051
4537
4383
4262
7721
8989
9655
5865
2592
2084
6097
4680
4347
5010
1592
4703
1032
5595
8046
9256
2614
2309
9164
4857
3388
9731
670
3645
8186
8101
3420
5241
3364
5159
7512
5921
9369
9730
6630
8105
860
2374
6125
784
8345
3421
4418
7386
3583
4484
3831
3207
6188
7210
7552
5476
9848
2975
2279
1579
3474
7671
2966
213
4377
6928
5735
1537
4440
3415
9233
3377
3383
924
8862
9161
3899
1423
6599
898
8930
2385
5318
8273
6398
5502
2757
9570
7494
280
588
4291
3530
1612
3237
5741
958
6225
5899
977
3508
7915
856
7428
6037
7558
8987
9794
3958
8507
5376
6780
3876
5527
4085
8496
407
3689
4461
1685
7263
719
3670
4488
7446
6915
4074
5498
1225
5132
8915
2977
3811
2693
5237
4544
7455
9997
7073
9777
4429
5952
801
4215
8664
5442
2516
431
7025
8972
1565
6107
2675
7895
7481
8332
2012
8300
6047
3772
7065
2284
8161
9199
6002
5601
4114
4814
6330
7318
1701
4492
1972
6990
586
6945
1774
8530
9442
1410
2045
1571
9609
8169
6280
7357
9988
7616
2110
6102
3682
7811
9859
7486
7549
1199
7187
8585
1645
947
3039
2168
8550
1640
7240
3046
5271
2461
5141
6613
2435
5381
3985
2530
7698
7153
9471
9503
8762
3217
3216
7460
7474
9578
8851
1499
8379
2150
8873
9561
6259
8036
3070
5986
1320
3487
2280
17
9307
4024
3390
2664
9319
4231
4524
6324
4292
2060
1996
5859
1040
1939
8192
5450
8855
4298
4622
636
580
9679
9191
9828
3344
2998
6142
2154
2746
6806
7041
9228
8125
4972
2705
1698
4348
2665
5722
7147
3373
1692
4436
4452
4640
6906
2349
693
3016
9843
4627
3584
1141
6503
1311
8088
8381
5424
6427
1288
7986
9377
8275
3457
6834
577
7216
2564
9857
8962
7033
908
8499
6197
5654
5217
5830
5407
3864
5214
9956
1550
3302
3623
1859
4839
465
8467
5646
9936
6228
9957
6778
592
2686
5612
1107
8536
2727
4855
497
742
4895
7301
7100
9123
8601
7150
7506
7091
5565
140
5371
7365
353
7229
9862
9236
1249
7833
7787
5522
2252
1934
9379
5743
45
8816
5893
6116
5659
5139
3451
1916
178
148
5353
4269
5481
9165
2728
5438
3115
6387
6673
9220
1473
7547
7628
7943
798
9524
8183
4745
7382
3733
783
1385
8977
5396
6313
3534
105
7068
7476
2519
6318
1135
8571
4394
1451
4457
1750
3489
3055
5641
7344
1581
1095
1162
1343
9171
5434
6287
9152
2376
6607
6412
5469
8122
135
4644
7765
4662
7737
7923
9137
388
7211
8231
3071
3450
9915
2336
1713
84
7346
3851
4303
2673
7623
3947
2343
3702
820
4924
7094
2368
8076
5332
3698
8996
789
2460
2156
7374
2772
6172
6828
3735
5713
9580
1434
5886
6684
6078
7279
221
5084
948
3300
6007
4530
6561
6145
7125
1830
8448
7731
1629
4138
7468
7406
6420
2645
8028
1580
415
6181
5126
7707
9180
6785
3771
1981
6522
276
1037
1459
4722
2073
7809
9330
2083
1206
1020
3908
8831
4332
7813
6537
4252
6982
4507
2496
5095
2959
54
2748
7999
1806
6179
2534
1466
7209
7521
6273
6481
9963
6560
5085
8202
3662
4371
2189
2597
4777
8308
6384
6683
9742
4468
7361
9507
9966
4171
960
5121
744
6938
5478
1846
7577
7837
5561
4558
6667
3995
854
4716
3680
7750
4153
4257
9224
4354
4285
6849
4145
4828
4887
282
6584
3315
3252
2015
3878
8677
7035
8059
4682
523
3080
6213
581
7323
8752
1073
4925
902
277
750
4132
5109
3509
4190
7516
9025
5114
1259
1066
5776
4616
4625
8001
2250
6208
9283
9452
663
9904
1648
3239
8096
227
715
9051
2224
5137
3379
7027
2214
3141
7922
5223
281
5951
7051
7598
1551
5636
4965
5980
5912
9571
6025
1871
3147
6346
4676
9854
5898
3361
3086
5341
8368
1088
3287
1152
6827
5394
6969
877
7703
4540
6134
7228
810
2105
1922
182
7014
8373
5767
3369
3012
8704
5709
179
3889
2306
1576
6294
5311
5496
3757
9513
6135
8811
9566
5262
7378
2715
2350
1711
9311
4771
7362
358
2103
7469
8541
3032
8434
4812
5393
6563
9196
3205
9046
4520
6689
9551
3761
2353
4326
9727
1697
6540
3077
2978
2507
9680
8646
8203
894
246
3455
1839
7414
1241
9032
180
4044
8714
3579
692
881
2490
2503
8613
9646
2444
7348
9527
6678
988
8458
2964
7692
5693
8576
6059
2642
1086
7513
4154
8622
5231
5028
1005
7305
7747
2635
5233
6871
4110
1091
1257
9906
1534
150
2157
6658
4532
1710
8537
7753
4241
5055
332
9095
4880
4184
9533
9550
7965
481
8053
2146
7479
2629
8020
3609
2602
2454
3250
1740
7023
1730
2859
9866
1619
267
9756
9128
937
7846
9802
5958
7936
788
9223
677
7315
3997
1330
3137
7391
8204
1392
1103
712
6090
9412
6710
2234
1011
1986
5511
3821
8139
9016
5484
8447
9888
8221
8920
1844
7398
5314
194
4048
8158
8377
3544
8547
4863
7519
5265
7005
1762
1944
9017
4072
6426
66
1761
142
6109
9663
3167
9630
492
9900
6942
5480
8266
6672
8964
2458
4058
63
7669
9154
3655
1991
3640
4162
426
4299
901
5616
6438
3053
8089
4791
9492
6448
8439
3979
1087
6550
2940
1310
1896
2484
9687
5602
7358
8170
7497
1805
9658
5584
2961
1130
60
2427
100
6985
5427
2347
2377
9813
3875
9917
590
7340
2048
25
9088
5463
3572
976
2518
2196
752
2325
7756
7528
4958
5652
8826
8347
2410
6143
402
3068
6013
8296
3126
2659
6117
2590
568
3074
785
7985
8559
9704
5093
7634
315
9511
6017
3127
4435
7530
7647
1192
7717
6289
757
44
3138
6606
5725
9688
7853
4404
4090
9952
5691
5814
2628
9197
7525
8840
1118
6452
6333
486
1635
6907
4749
8763
7061
1989
2311
5110
2537
6645
2187
1971
2238
1803
23
8892
4952
1122
5521
2320
4693
5296
514
4304
1962
9600
7439
4766
4941
1442
9911
3024
8782
8292
1949
6949
2612
5138
208
6397
8357
2467
9798
378
7108
3236
339
6293
3562
4430
2569
7324
4658
558
2758
1510
9596
1065
6868
1009
3829
5707
9712
5078
5573
7877
2469
2141
3469
9534
846
3974
6988
5739
2951
4536
687
6024
3966
3244
9677
2153
7133
8280
3778
1140
5133
7447
9469
6524
8637
202
9038
4476
3491
6763
3499
6391
1522
2990
2468
2384
1514
2843
2753
661
3758
7392
6407
9009
4192
4157
2713
8421
6483
1492
3982
7000
4004
3687
4491
283
9287
8284
1902
1674
7619
4455
8279
9914
2120
3986
4632
5662
9333
4356
9218
476
8573
1446
506
1790
1302
5200
3519
9222
2344
3485
3960
4135
4583
4782
244
5437
5369
2139
1995
3902
3417
361
3827
9026
2838
508
4472
8548
4193
7225
8919
8157
6735
3464
4728
4052
8886
1998
2666
2536
3148
5020
4883
8618
9159
7410
6980
3634
1389
9291
7322
9602
2619
3905
1013
9549
899
2213
6580
5021
176
2135
5074
8126
2579
3992
2067
622
165
3078
5145
3037
4385
1126
195
3023
8543
5908
8336
2257
2219
5897
1440
5435
469
5445
1590
8630
197
413
6115
6127
6351
6679
6721
3975
2055
7338
618
9258
3983
2560
969
4609
6377
9364
6489
7970
9543
1348
5785
5631
8860
2210
4479
5737
427
530
734
6480
5526
5637
2179
5712
6105
5685
3020
8306
9473
7393
3213
5409
903
996
1694
9225
1609
2436
2025
2119
2209
5666
2327
5337
7817
5417
5235
3191
6919
8
9980
2756
7834
776
5643
7571
4034
6818
318
3140
2329
7824
6797
5372
3359
5884
9897
7666
5399
3257
9021
5537
762
5102
30
7283
3406
9516
3277
602
5455
7586
4754
479
4071
8625
7291
2170
1289
6633
1317
331
4198
377
7677
3124
6137
4521
1301
1792
6069
1183
2370
4314
4634
3155
4033
1359
7818
6957
7898
7049
9499
9710
6210
9505
8265
2678
9584
8703
8894
350
5272
3394
5793
7194
998
4441
7661
3438
6279
3175
3511
1403
1893
6701
1388
5352
4336
8647
4838
605
6820
845
9047
1683
7993
2456
9444
4178
7355
8271
907
5403
5218
335
6881
7718
2365
5551
8603
1892
6342
1636
6315
3673
2546
8335
8404
90
2499
8577
8916
3453
2147
9598
9733
3561
1513
2896
5013
7597
8941
2768
8830
8201
4663
850
3573
3280
3632
5929
2085
4939
8635
8662
4612
5474
3780
7138
2010
9594
1717
607
862
8813
9728
3042
9716
1408
4836
3337
2203
3932
1516
1213
3050
5956
73
3
7916
3232
6348
8240
4841
6597
8554
4572
5189
653
8533
8491
4014
4234
6639
751
5319
3052
5796
2513
453
4998
3730
8767
4943
9926
5670
2027
835
868
6344
3760
4467
9652
7730
6728
193
9725
8966
1
4962
9706
3825
8311
8769
4810
4029
8236
5263
7247
9867
5868
3695
1191
1938
7835
6718
957
6146
3844
3242
3307
7280
5268
4669
5818
6773
3704
181
4280
1506
4900
7072
5841
7905
6214
1333
7383
7492
6485
6793
8735
4514
8969
224
2144
8997
6220
5175
2766
7086
4360
1471
544
5146
8728
2017
7697
4373
7451
7413
4730
4412
3506
7121
5697
3842
8839
2792
4434
3898
20
7154
386
9664
4914
5655
1620
7286
9667
3132
9714
613
5012
6498
6963
2948
8973
1071
1049
8793
4086
344
8500
2897
6852
3653
7696
1965
3210
6443
2732
1964
9624
8905
97
6789
1552
721
4621
8587
9308
7953
2776
4893
1738
983
7921
9880
1597
4739
1966
121
9179
1120
8077
9969
1820
6034
7912
6731
730
1022
1538
1391
4733
2180
5717
4450
379
3719
3685
4858
6732
9119
3580
1637
4994
5350
2475
9246
7942
9337
4489
11
8687
2910
114
7917
6243
848
462
2785
7763
9673
4236
8914
4649
6310
8796
6544
4797
5682
9417
8006
9227
8896
5415
9097
3548
2080
6593
3187
5504
2113
8712
2724
2682
334
42
1294
2188
4909
7567
8180
1021
7456
1726
7744
9645
6877
9613
229
6240
4131
7017
6538
8638
8884
3882
1532
2930
7178
1265
4216
6032
1029
7919
6101
6546
5714
2712
4277
7785
3128
9635
6113
2624
9014
9217
4670
6782
2326
1890
830
2282
6762
8162
3658
9356
1297
7704
7213
7700
89
1438
4364
4700
8864
3206
9603
4862
7336
520
945
6803
880
3062
873
2906
3289
6734
7860
5692
8047
9085
8182
264
2683
5901
2487
1421
5792
2771
9696
2457
387
9382
8605
9068
7490
6960
3710
7270
52
1666
2386
5557
5644
9807
6355
6805
9622
5412
5634
303
3339
6596
7136
4213
7079
1563
9441
3681
3933
7195
1243
1529
6237
7848
5092
7633
5216
2030
1848
9531
3178
9530
3375
6909
9239
4245
5160
4331
9084
1036
7738
125
5580
6288
1246
3356
9268
9410
1837
6271
9726
6754
3766
1251
802
1880
6786
8631
9353
633
8560
8080
133
5046
7167
7894
1558
173
3845
3218
9450
7645
2443
9124
6703
2151
5968
6501
3602
3362
2197
9708
7389
9759
2053
4568
8173
4177
261
9349
6767
2495
9625
7331
7306
3013
6687
5603
7589
8208
3516
7227
5962
8629
4630
9878
253
9572
3286
3241
3294
3528
5105
2300
7779
2855
9686
1679
4444
4577
4512
371
6924
4940
5220
8050
8459
1500
12
3856
9754
1309
4093
6389
174
7403
1845
7960
6450
7433
7889
4525
8130
3781
65
2256
8827
6331
717
439
1975
576
5661
1336
755
538
8337
8411
2419
7234
3663
1885
9060
1886
1615
900
8891
8230
3251
552
4119
2750
7053
6267
984
2533
3755
6128
8812
3331
3860
8909
2478
1054
565
162
7907
6845
8408
9940
8514
7303
7768
9475
9115
3826
8400
944
8708
9135
4916
6252
6454
4080
7951
7772
2263
4101
7146
9895
3000
9558
106
3782
445
8803
1001
6005
7044
4030
5142
9185
5820
5926
7605
5863
4979
1505
5734
5649
5004
1105
8567
7064
8784
5191
4189
7013
8522
3376
6810
2337
8935
4310
2514
6006
7207
3558
7662
8673
1478
5534
7043
4647
9962
8315
4417
2351
2679
5322
4011
5226
2625
2338
1356
3625
3288
15
8939
4036
8692
7791
3776
206
5087
4374
9577
7976
2339
5961
2721
6581
233
5056
2962
2074
394
9102
8666
1625
2820
3284
6792
6277
4342
1867
6229
4475
228
6920
6108
3923
2163
1201
9065
3203
9231
7767
542
7498
8497
8670
5033
981
3742
254
251
5842
8303
1766
8160
2909
440
9979
7032
2359
2697
3847
9448
4784
5733
4762
7831
1078
8868
3935
3920
1075
6899
1769
7099
3429
7163
5385
1012
1489
9092
2521
6341
2987
1583
6978
1773
8222
1658
6144
9748
1318
5778
5548
9415
1406
9272
3156
2899
8258
8639
6577
8668
8431
991
3891
1353
6592
5016
7770
6004
6655
3631
3188
6232
2716
3877
7427
7205
3596
8120
1211
7275
9050
9992
9942
1987
1113
9809
3666
8604
2243
3349
2136
2542
9541
4167
698
6875
5027
4235
4684
4038
5144
7723
4061
4002
336
6675
6917
7442
4200
6643
5680
6062
6603
6502
2288
7117
7259
4884
5599
6755
48
5125
342
3173
6292
3601
3321
8899
1536
9817
9521
638
4710
8771
5246
2371
5610
389
9959
6730
720
2472
3973
2451
8293
522
8942
8466
2692
289
1195
578
6061
7401
1852
9234
2934
9247
6631
5587
2399
9834
3160
930
1741
5052
2038
3295
5086
3990
7260
8598
8933
7702
5378
8772
3090
6842
1703
2538
9289
3040
6931
1899
4271
5825
196
8658
9741
1661
78
2099
7070
5927
8829
9554
8237
2862
8653
9481
3838
3739
4182
1182
3041
1684
4433
1292
4870
756
5838
1624
1144
8853
3131
7963
3881
5377
1900
8810
1623
168
3385
7836
9778
9651
1197
7757
9416
3110
9779
6600
4660
6727
484
9072
2218
29
7821
2000
2908
6435
8751
2615
3059
8426
7298
6199
2575
1813
2247
5559
7714
3027
354
6921
7008
5379
2805
1509
1045
818
1915
6150
769
4758
5245
2433
2881
7624
6545
7295
643
8043
9048
9758
8109
7307
9500
4170
1853
4615
4174
9546
4961
7761
9397
1277
6066
2192
9036
5243
2591
3996
4574
992
2211
893
1758
9734
4547
8590
4779
8733
1905
7548
632
2699
8897
5630
2198
9460
5477
5836
7994
9991
1670
6605
3880
7022
4741
666
2395
3087
9436
1832
2762
1441
3336
4667
4769
1588
4659
6120
603
9736
9839
5495
5907
9326
3348
5704
827
1470
9034
3125
6033
5024
5333
5742
447
2986
2204
8904
8711
7018
897
9361
6103
8387
1010
3290
5072
7084
1110
3806
3654
723
8061
4582
4471
9342
5999
8444
198
6082
8502
5068
9967
4378
9117
701
2944
999
6219
9872
26
8608
5970
9298
3934
3533
931
347
2367
1496
7179
5094
3615
4287
1058
7437
9844
9757
4421
1236
3437
4040
1877
3728
126
270
138
6464
7648
2813
1575
6930
6263
9738
3166
6997
3001
814
5946
8159
8179
3980
8482
6478
7872
6670
8723
6886
8248
7774
9585
3161
5104
9565
2917
3909
2159
7646
1128
7531
8099
1860
6939
7672
7560
1767
8318
3736
3466
9003
875
3667
1019
2028
3617
1787
9132
6534
7107
6536
491
551
5465
6161
9204
6376
2058
6612
6354
1116
6712
1747
7523
5488
3694
962
6648
4092
6496
9896
7478
3994
6162
9493
4334
5061
7950
5679
5914
7582
6974
4214
2626
4437
1306
2770
4237
3064
8319
6139
2702
297
3700
1373
9672
3440
4370
9273
158
8446
9699
5671
1347
6472
3501
6738
819
9924
1781
3103
6329
8174
5716
8992
5471
4774
3432
1876
8924
8477
6465
9590
4025
4499
9766
2694
5177
6297
4581
1080
6781
1002
5428
5840
5564
204
5567
1789
2009
5257
6972
1030
4470
8388
1754
8111
2744
3033
6525
6401
1821
1044
9480
7132
7947
5329
2829
6855
3724
2221
2019
3768
9235
3352
5374
1394
866
4869
1023
8852
5419
8750
4422
3104
4208
6736
1186
9923
9784
477
7197
2572
637
2970
382
546
7591
5972
5963
5931
7981
3211
1351
9835
3592
9925
9374
6646
422
4529
1642
6317
7409
351
8414
9970
7935
4713
7870
5790
1911
7189
6154
1641
8764
9393
3595
3146
2215
7533
8437
2717
153
8374
3014
8523
9465
9887
4892
7545
9547
741
1693
2328
5750
4079
2497
8913
8235
6825
9808
9286
6574
3796
3389
1407
4690
7869
8777
795
1457
4724
2710
9425
6423
3095
463
241
569
4372
6893
5444
5542
9146
5520
7883
7419
9383
2781
6422
2875
1955
6075
4840
2206
9439
8985
4721
4163
4051
4825
8627
1665
8021
1284
3637
2268
8305
1460
9689
7461
4919
1508
2003
760
6981
1917
8367
4164
6439
5660
3855
8406
1209
10000
7559
2893
3805
3311
214
1950
8171
3919
4283
6417
9864
6000
9433
2618
2375
6132
396
1863
4964
1956
6857
1131
8123
9987
8652
3351
6183
2417
219
7644
2627
7995
8513
4818
5509
3656
560
7957
6569
6264
9168
9253
4096
703
2960
159
4526
9340
134
2013
4017
5861
997
5489
7325
3779
2644
6529
345
9167
5746
5228
3857
8462
4244
4366
5878
8382
7157
9404
5017
2892
216
9789
6193
6484
3607
2650
1548
4997
3031
122
7574
740
8365
1746
9226
7745
3454
5615
3209
7621
1700
1887
1631
4116
130
7184
3035
8370
557
5161
5672
317
8210
3243
3664
2149
759
8680
545
9249
2140
7248
5718
2061
9785
8724
2416
2348
1838
724
7858
3409
7754
1171
941
7679
1675
2276
306
7268
9202
8778
8451
5163
995
8116
7595
9177
4296
3590
5532
163
2302
6979
9064
9877
7241
8371
5308
1780
6860
5953
8481
4551
169
7565
75
5867
4868
2164
2039
4983
7743
18
2033
5768
4598
2738
8214
6456
9893
7235
1945
782
7290
3952
8003
6487
343
3648
1321
8397
739
540
9057
4535
4781
9973
5304
1323
7335
1327
3520
9131
1064
7093
7578
8200
7152
3465
1179
612
1897
1811
3215
2502
6031
6290
5860
4312
1735
4726
1613
3535
9101
8010
5370
9514
3965
4439
7802
628
5694
1304
5197
2633
4896
4210
8152
9458
9903
3061
1957
8503
8795
6475
6514
4274
1153
5035
5164
6862
1216
3054
2054
1260
3299
5360
3525
4420
2059
7003
8144
8103
5935
1168
8876
5037
5327
7914
2128
6414
8418
5510
5891
5062
131
8787
8389
7063
1770
43
4751
5212
35
9054
9010
7281
7856
9476
8998
1491
5940
3419
8828
9552
5850
4742
7715
6959
8438
7964
5995
7242
2155
3063
8113
6212
5470
498
3472
5485
2208
7368
5069
7364
5987
3133
3587
3524
3263
1570
3715
8270
5783
7934
6119
7670
2076
2345
8167
7968
9426
7131
2567
3913
5880
6131
2647
3276
6446
5856
3903
5313
6508
1764
2112
2557
8857
4438
1024
8038
4045
1363
7587
2852
1842
1271
8086
223
9986
8396
9238
9005
6634
1742
3649
5843
5449
2901
1722
954
6744
8196
748
3863
1507
6740
4760
6106
225
6598
8127
3004
7909
3774
5620
2470
2795
62
7304
965
2995
7067
7459
5827
4596
7488
3030
1312
8859
7111
2145
4672
9142
2393
5832
7030
2828
512
5771
2445
4692
5149
1173
5440
5357
3262
1495
6902
5312
9532
4349
8035
8412
4143
4224
5410
2825
8926
1628
5064
6458
6257
6322
7861
9370
940
110
8049
2322
5608
6799
8409
3073
4297
7471
892
3904
5041
9058
5358
5651
3404
697
7096
8057
338
7217
7658
9515
6720
3038
6467
7529
4156
7020
9542
4915
458
3448
5525
9120
7713
4585
572
1569
4505
430
9544
4496
8058
1483
8401
9462
72
9605
6504
5920
7775
5281
145
6601
5989
5298
6449
599
8433
9773
2387
6923
4946
8616
236
6846
8274
1707
4988
5575
2532
5219
5765
5681
9074
4897
1160
393
7612
299
889
676
804
1870
1610
2643
978
2568
6056
9764
6551
3176
513
5432
3354
7908
1006
6940
3323
2651
9639
7201
3712
3412
4718
6203
5549
2989
8002
2066
2585
9314
6015
8539
9795
7046
9634
6250
2540
9172
3879
6961
7553
4957
1134
4242
8534
6012
7016
3399
9455
2106
6395
4307
5391
7445
4408
6215
6286
3048
8211
8642
7116
8486
5808
70
2804
2878
2172
2281
8487
1705
7705
9045
591
2751
843
4852
3642
4001
6858
9378
3608
2046
9932
170
4172
6405
1233
8490
7826
5420
3507
5402
1733
1990
725
6379
3460
1493
8015
2118
8108
7820
2583
4845
4548
921
6111
8063
4984
5336
2826
7449
8132
9838
7062
2186
8746
2729
8558
5638
2477
6576
1788
7777
210
7997
2609
4889
5656
5913
7695
1718
2924
3153
6903
4528
6771
3200
3585
7208
2148
7312
4948
7126
7161
8456
3901
1744
967
9830
9557
3600
460
2230
939
8112
9175
3686
780
6821
6798
3872
8480
349
8959
2463
9044
1014
7988
4550
6987
1042
2742
8961
7237
3955
6995
6371
8515
9371
9395
7402
3930
4559
1111
4665
8546
9403
9438
4047
9121
8572
1779
4800
1672
2595
7566
7592
8484
5578
312
7949
4804
2763
8245
452
5368
1000
6908
272
7421
4953
8474
4679
64
9824
9640
631
2107
3713
1960
7885
3529
9368
2070
8198
2184
8136
9031
1207
3924
4697
7556
2450
1589
4971
3058
8087
9574
5944
3665
218
9189
1060
8232
8832
5888
570
1400
8133
9681
1041
7983
2382
1240
4187
3144
6043
7741
7137
7387
6912
167
5439
7356
3327
8286
4597
5075
3721
2873
2437
3249
4732
3081
4908
7845
8442
5411
5954
6880
3559
127
2126
5038
5566
4376
5947
2695
8921
6750
9999
5081
2604
2844
8971
6155
132
959
243
5759
8922
979
2819
6492
76
7422
6519
6705
1908
8124
4006
5398
3748
1933
3384
4832
9262
4323
8760
201
7865
9263
6830
4339
2915
61
615
3043
1523
6392
4584
6284
5018
5182
9938
2390
7400
6311
5801
8039
7120
521
777
7080
5669
4725
3411
6067
7174
4501
7405
2739
8545
8698
3884
7031
1039
9994
6068
4594
5288
425
6218
9136
3196
6668
5530
2919
5054
2963
5025
7580
3538
1819
9692
4346
9103
9718
5715
8324
4498
9316
7265
39
260
3718
3833
9548
4773
7190
6694
6130
985
4518
7269
8519
5049
496
2182
9943
3366
9768
1413
4655
5977
9392
3267
9437
5981
7632
6965
9760
6124
2178
8721
325
6764
9086
4018
7823
8527
4945
9612
3722
4344
4643
2555
9899
9160
5934
4021
1543
7728
3691
9518
9487
8334
432
8636
5877
1546
6565
7535
4147
5784
2888
128
3746
6366
6073
6709
420
8128
8155
1574
2833
651
4478
4144
7156
4824
6741
2641
8725
8531
6910
9042
1556
9744
2423
7508
4623
6404
5418
574
1248
1016
5777
9788
8792
6505
1337
3873
6300
919
2254
1169
2911
8807
980
6533
6743
5665
1743
943
8943
1669
778
7878
7524
9096
4225
4124
2858
2817
4807
9601
5130
5803
1481
8867
1714
4573
6428
5730
694
9783
4063
1188
2983
680
8134
2607
9386
4485
6114
1963
8084
8253
8780
2217
8900
7882
3319
5642
8465
2541
8176
7944
9497
7843
450
6200
4930
2212
553
1696
5279
7792
8129
1614
2689
9523
2657
478
3817
3322
1426
7596
2839
1632
7996
6548
696
6971
4191
3168
5975
9274
6809
4022
1184
4278
3832
8395
3100
4638
4711
3574
7249
7087
8649
2798
2447
4396
2790
2411
3393
2905
6962
8023
9194
2465
3840
164
77
8468
362
2229
3082
6036
5804
5974
310
793
6363
2789
3449
9526
8452
8323
7308
6269
691
7990
3238
5209
9787
5668
4859
9707
2064
9267
1416
16
7219
4872
3072
6236
7541
935
237
2334
1920
8661
3473
8085
9978
4651
3714
5764
8606
3911
4247
614
1108
2283
6699
8145
3512
1906
6089
5148
8269
1395
8757
1959
5315
9563
9133
4443
8310
9745
3317
2663
8005
2160
2002
528
5596
1477
6838
3226
5969
3628
786
2267
2273
4003
7244
5540
3477
2631
9232
3674
490
5560
4626
2056
7119
1424
1942
9001
416
392
2861
3814
5513
9945
6054
2885
6253
6500
5294
8142
9076
9049
611
4288
3190
3802
5919
8976
8644
3184
2952
8509
3565
2531
7794
6927
4931
8953
2293
6385
2333
3353
8805
9315
5849
8095
7098
3870
4738
891
7982
5124
6652
6737
3693
7538
6653
3145
68
5971
5828
1940
6691
1272
8475
6474
8906
4264
2976
1375
6850
9582
7588
4415
2504
480
4405
3620
1025
461
8153
7345
4815
7251
6353
5675
7781
7441
5464
7746
7863
4073
5494
5812
4510
7160
8982
5872
1089
1053
3162
8602
9087
1568
7816
519
504
1193
5563
4628
9331
4258
4130
2023
7277
57
2255
2240
7805
5192
9203
6095
6725
3699
2972
5786
1050
7956
3281
5882
9869
4511
2360
7058
1429
7641
7092
3820
1085
2797
2200
7926
6488
7
4268
209
7299
4955
5731
1367
3386
4230
1202
2340
5997
9615
2501
9520
8241
7380
5213
2871
6003
4599
8681
7367
6010
1921
1028
4876
9430
7546
4302
1997
2711
3010
6076
2921
807
321
7444
2004
6410
2381
4844
6296
4037
1561
4600
9821
1175
8715
9660
1458
1417
624
9209
2788
9752
2552
4251
8804
5762
2236
99
3799
3883
151
1778
2183
9188
7166
1061
1487
4275
4802
329
6299
3107
5127
8570
9363
8775
1823
5275
7797
6532
9486
2298
8789
9406
7352
6129
6096
7221
3152
7379
6610
5524
9396
4533
3177
2945
4708
7088
7256
291
8073
9960
646
3972
2264
5628
2292
1723
589
3427
7543
7892
9445
7941
9654
8267
6307
8247
1715
5831
2887
2865
5570
9288
7706
8069
8226
5727
5701
6451
7804
5851
8197
8947
414
3738
363
5982
1755
7050
796
5285
7464
8094
6380
541
5959
1474
7204
6160
7408
5770
8960
2448
9599
7829
8970
2246
2511
6713
4125
8858
4254
4389
4133
1785
3343
6866
8578
2022
3174
6373
1878
9889
8485
2239
515
9077
3744
9629
7200
7680
4233
8511
7764
3112
8291
3049
1591
5992
5208
5115
4970
8317
8883
7198
9359
8195
6895
3258
9089
8586
9657
1808
9649
1825
9322
5324
9595
4787
2784
1445
3360
3598
4949
3481
3498
4788
9823
1015
7665
3121
5406
5736
9693
5198
8799
3066
9698
3576
5242
6028
5523
2018
9011
1799
7123
4432
3555
4333
8865
3800
9593
4677
4875
3408
8956
1982
8353
3357
3527
7282
7931
9106
5458
6029
8748
8322
7220
5645
6328
302
6889
2271
7457
5508
6173
7972
1070
644
3452
9559
9427
3382
6437
5761
9489
8633
595
4046
6989
2133
6053
9138
5588
6506
7517
1527
3179
5606
1283
2081
1433
3370
5918
5070
7952
9464
2493
2473
4707
5650
8283
1879
8995
4087
9776
27
5284
7274
7673
9453
9724
8429
1282
9468
2854
7233
2294
5211
5143
2512
2127
6057
4734
4260
4689
841
8882
1256
6747
4881
8624
5552
7175
878
4219
5677
8399
9820
9506
9037
3199
3418
5395
4576
1398
3517
8194
8223
8990
475
9484
511
7396
256
6258
1858
4989
3029
2869
4497
2047
6211
1618
3737
6415
4699
770
9631
571
5493
567
1931
2969
4380
865
6314
2649
9575
1840
1497
1930
3134
1849
539
2918
3261
9496
5316
929
7881
4991
7342
6704
5687
5875
2752
3056
704
4735
1598
79
3603
4560
5881
3324
383
989
6528
4207
5815
9953
3332
1482
2355
3334
6791
249
990
9490
9411
2245
5426
7959
6813
3051
2207
9270
2916
2278
2696
5351
3763
6530
9765
8640
8549
2042
2850
5705
6383
4656
4474
9215
5910
8707
3282
9607
7575
4985
7686
1338
2397
5754
7149
2543
1334
1253
9870
8641
3543
4935
4012
4250
1988
7579
6829
6497
1814
2482
3727
5019
1503
6349
7902
635
8984
5998
6761
5461
7135
2672
5996
812
3684
6564
9763
8540
6168
4620
6217
5758
3942
7841
3950
8981
1055
6026
2670
3036
8034
6808
3569
3940
4232
3921
3076
2783
627
8980
7239
5031
2165
3142
9853
9882
7465
8427
9537
1358
4270
2143
9398
1148
2270
9073
5248
217
5414
3372
1829
7608
5945
2373
1354
4890
5924
5252
4956
4995
4504
6542
4902
8734
3657
3808
139
2822
3557
2096
6815
7875
7864
9112
441
3169
4229
7969
9422
6455
4313
1270
7314
3822
9947
1339
4954
483
2687
4016
3852
7124
9332
6399
3396
5323
74
4494
1365
9805
4329
2933
3981
7771
8304
3378
5185
7727
3482
9061
2803
9166
231
3956
3978
2832
1129
4368
2639
5535
9284
4077
882
2856
4358
5688
8589
3265
3977
3998
1655
6466
9751
507
8525
8239
3119
368
2123
7655
1786
4534
1616
3963
4502
8453
9334
3586
2571
3192
8321
4290
4653
1728
7040
5729
5158
5116
9207
8029
9928
3026
5261
4861
7272
5848
456
699
5857
1868
3846
4720
1052
2573
2613
3159
9829
6628
287
9251
6223
5653
320
7202
5706
6901
7482
40
7888
7759
8294
4942
8488
9059
1404
8963
3047
4664
464
7585
3922
2520
3571
5413
7520
8918
4493
5373
1262
8044
4062
9394
8808
9019
8190
5906
313
9461
417
4399
5045
8027
5799
9941
7758
6023
5590
411
8355
8890
5609
5547
7021
5805
3793
6692
8218
1578
9819
5251
5310
2432
6723
8107
844
4770
3335
2429
5134
6319
1101
7480
7918
858
7407
706
8521
3183
5973
9951
5190
634
3154
3552
975
4539
494
5690
314
9860
7973
9643
2104
4959
3989
5543
3797
4458
5300
4821
4020
3171
275
9056
2617
6570
2684
9429
842
3767
8102
4106
1097
6190
2402
3503
5356
2091
8520
2895
883
6222
1456
1234
6644
7946
4355
7654
2529
9536
5201
6711
8360
5425
6301
8802
7411
6784
9033
8847
324
7426
2988
5506
5039
3318
4398
9954
2656
4606
6856
5042
4508
9806
1719
3085
2409
8403
6892
3630
6948
3795
3999
3096
3783
1196
6326
550
4416
51
7496
4151
5118
3566
1084
3734
8227
6950
1695
4712
8983
5405
4325
1663
1979
8843
1453
9910
1760
5686
874
4790
3245
5199
6479
7540
547
2764
710
6776
6879
4822
489
8364
1031
4228
6361
4531
5320
3948
5499
8880
2249
3397
5258
8354
7783
6202
2836
247
5273
6824
2258
6559
9244
7329
6246
2662
8110
5443
1172
6049
2464
2297
9109
8473
4982
982
5178
8597
8425
5076
1796
6461
3650
6386
8950
1633
1285
6654
3671
1984
4477
2700
3003
6226
1374
537
9746
4934
9975
4993
7827
4874
1553
794
7319
5321
8620
6822
5112
9317
9538
2985
911
352
9178
9338
6400
5155
5740
8821
4903
1176
8563
6946
1303
2780
7684
4556
5948
6543
9852
9944
3151
9477
4801
2787
8908
606
5845
1757
8579
1725
800
533
2274
5157
8461
5674
8928
8948
6151
987
8147
3067
6320
5090
2943
1542
5605
4947
6951
1159
3523
6494
7630
9494
3222
7642
2605
3893
7958
852
9972
1652
1585
9431
3707
7911
5993
8092
8765
8809
8553
5131
8205
8610
6768
4053
3316
5206
435
2668
6650
8007
8788
5006
19
1554
8351
8706
1151
4201
2735
2505
328
9306
6390
964
2992
8584
3426
6513
6291
4035
1166
4069
5128
8394
6149
4973
9277
6123
8994
7162
6693
7097
4256
7114
1059
2049
451
3862
8761
8188
7158
4490
8234
9735
4324
2616
3624
872
684
6585
1926
245
7929
4803
7297
8600
6669
9804
286
1851
1869
7570
2031
1776
8146
7320
6198
4618
8612
1205
156
8366
3798
4695
925
9713
5531
3475
5516
7832
8967
5014
4357
1555
4772
2088
629
4446
738
1834
6060
6795
5362
3225
1335
2090
7491
6185
8137
3792
1461
7254
6665
7467
6816
5034
1100
749
1862
2500
9391
6364
8327
5824
2556
6878
6440
6070
2661
7484
8675
8672
6187
2391
2194
2068
2923
8350
1369
4337
9597
7183
9755
554
3442
92
5922
942
7390
8773
2166
230
1854
1515
811
2062
262
7924
8276
1366
8538
8957
8800
6770
6476
4431
6512
5136
4756
5210
7245
9694
1102
9389
1112
746
2260
5302
6656
1227
4015
5083
8212
2082
1390
9254
928
3139
2868
5657
2703
4580
1913
4607
4462
8341
2026
2876
3916
9502
5787
6994
1833
6649
4904
8098
1753
681
8363
4950
1132
2667
6851
5854
3423
1873
1512
1617
1467
2421
4604
1667
6431
1649
3897
2741
823
2122
3813
8794
7979
7106
7667
2812
5925
8436
5454
211
4295
9201
2596
9276
9796
9767
4186
5597
1329
4410
273
2241
6647
8874
2947
7502
34
4194
3328
4008
7573
9305
4343
5472
4318
9449
8717
3987
7006
2277
7825
6063
3692
9661
8495
7899
9842
6748
7287
4913
8262
3962
5349
8325
3201
5156
5497
6568
3968
467
9620
1295
1409
7932
4646
5745
3306
9868
2142
665
6262
8696
9000
3329
5080
3837
7258
2810
669
8445
2185
879
7784
1412
399
3045
4702
9245
9780
3436
7423
5029
8684
2706
6352
3639
8954
2754
2589
9113
4636
7711
482
1587
8691
5151
4460
2035
6302
3189
4509
708
7231
5326
1190
3325
9990
764
6802
2195
6468
8156
7074
7903
1771
6266
1230
5011
6885
9243
7246
6573
1250
9157
9791
2216
3914
8358
5
2807
6238
2526
9825
824
9079
8298
8143
8938
1156
566
564
2043
1974
7867
4793
9127
2956
5270
3518
4546
290
5719
5806
8463
6042
2690
5162
3129
4885
7232
3775
5553
9684
1951
8656
3227
4352
8476
4578
7369
1847
8478
726
2324
3732
6796
8596
5205
5550
3478
3283
8277
8583
5579
9483
5184
5571
36
6093
1720
3819
7181
4253
4641
2129
2316
955
2928
8655
184
1300
9879
7614
9621
5433
7266
5769
1068
2171
3172
359
5819
3463
5874
1749
2834
6867
7431
5829
3522
191
1464
5170
7800
4188
8686
2383
8660
1157
9024
5639
790
1607
9567
8121
3841
6941
9358
4099
8032
4837
2598
5441
1643
4920
1069
8082
8747
3553
7105
6840
7236
1881
953
4975
4
6356
2492
2580
1861
5883
5699
2193
5544
4500
4057
3097
5625
295
5079
6726
5738
3486
6571
2413
3726
5752
9581
2072
9198
1281
391
8940
9053
728
9183
4933
6071
9357
4601
107
7470
7736
8060
4169
4717
4261
6783
5253
7176
913
4747
7720
596
7640
2308
5869
9971
2794
1539
3084
1139
2315
5071
6926
4401
714
5711
4060
518
5346
6811
3810
1843
9192
1970
9851
1056
821
6666
4763
7685
6618
3185
7626
5448
2242
3208
5058
7581
7026
1608
6074
6707
9770
3459
1953
9747
6620
6608
3326
9711
5050
9432
207
188
9717
5168
8657
8678
9723
9401
7328
5517
9799
9935
9847
8464
6680
1504
2489
5044
1074
8593
3536
9743
6547
9116
4265
1136
4240
212
1368
8068
4595
9195
4078
3407
9916
9354
8440
6332
2394
8424
8193
7819
8565
4050
3953
2777
5230
5696
3532
8623
3410
9816
3815
7296
2418
3235
887
7001
33
5864
9299
4118
8184
9372
8945
8824
6077
4566
9163
5467
1405
9104
9668
888
6176
9837
5339
3676
2941
2071
6444
9193
8243
7842
2594
5001
768
6751
4473
8822
3441
6118
9927
2610
4775
3088
7118
1047
3443
8472
8244
3135
2425
1673
2041
7206
5040
6698
4752
3541
8978
8177
5098
4706
2775
8115
5234
9638
6245
4657
4974
2253
6745
9676
1680
7214
6166
8435
2914
8791
4049
6156
4108
9721
2422
1801
3019
640
8228
8375
9327
7054
9148
6413
1203
2760
9618
575
8066
5255
886
4179
8866
8744
155
9695
9007
9930
4117
1170
1401
4806
3170
5533
2483
1432
2601
6254
255
5282
2731
3887
4843
5586
4981
5172
5896
2199
2515
6523
2563
4871
8339
1973
6520
6104
4183
9075
7321
154
8923
1255
6870
5978
8329
185
1678
1121
6285
2424
9803
8191
5988
5593
1381
8555
7749
6020
1977
4196
7397
4403
4176
9762
7793
7012
4918
2403
6766
6167
8498
1383
340
6553
5256
5291
3266
7339
2177
8594
1524
6814
9592
8720
7678
3446
7218
5008
3181
2089
8665
678
3834
8693
8018
2040
7399
8390
3697
3234
9012
2907
7851
4466
4563
6169
2922
8138
9636
7806
395
8215
6018
7203
3839
4519
6595
4827
3636
3269
8834
9517
4340
657
1484
3381
5574
9304
1235
3296
6447
2547
3610
9424
7682
192
9341
5720
3961
2841
9040
3705
3017
9367
2323
3034
3959
6954
5238
9875
4608
8297
4109
4338
1993
3308
3861
8252
3405
1894
6756
732
4960
1415
1221
689
3011
8383
7472
2593
5949
9126
6733
4701
9055
8669
8785
9827
4319
6549
3759
9266
8774
1439
7555
2638
7076
409
2398
7293
4393
671
673
4413
968
2799
279
667
857
7169
3089
8766
6567
2599
9252
8979
4967
1954
4158
3936
6947
9380
2440
2392
115
4315
5514
2636
4351
3594
8790
6922
8898
7271
836
7037
8738
6586
4748
2954
2227
8697
4059
5003
6086
4648
5538
8164
9826
502
9553
1114
4009
837
7404
3488
9556
5473
53
7463
2356
86
7906
8432
152
5515
840
6165
8617
5100
9720
1437
1992
7887
2719
8441
5299
8753
1866
3928
7191
6752
5772
8207
4220
9318
9470
3333
3660
2658
2481
2044
6192
594
4639
8118
2455
4842
6126
129
9285
9423
2967
5539
2108
9451
1818
265
2244
9352
7341
6975
6430
5330
6372
80
816
7569
1167
7085
7500
108
7007
5174
2648
8019
3358
655
1377
9623
9440
2005
2174
2335
384
1149
6788
8944
9921
5335
327
993
6777
1038
5487
5890
781
8742
9018
69
600
8737
1533
301
604
5400
1174
2816
548
2480
2262
9030
2806
4107
2449
1447
6888
3194
9466
3275
8688
6611
2640
9279
766
5774
8674
7602
472
3116
7849
6594
8470
3274
3075
549
5457
617
7788
934
9212
5183
7536
5554
3493
8224
6045
4363
7002
5749
1706
6582
401
8081
5629
803
1018
5732
4986
5876
9229
9365
5307
5053
2946
6682
8731
718
5404
5577
2842
8017
3551
9344
3182
7353
4823
1566
8402
4673
2318
8349
7939
8011
8776
9586
6933
3505
3248
7876
5909
408
9675
5794
3007
5430
4506
4543
2202
1595
1604
1794
2093
8713
5195
1387
912
5545
8090
9772
9949
2222
5568
6853
8040
7148
8391
3859
9491
4267
6621
6967
2404
9522
4765
8729
2225
5710
1384
4978
754
1082
2708
4105
7681
3093
8654
6133
8423
6234
7129
6993
1057
1480
4691
6999
4113
6058
9241
5964
9850
5119
9043
7660
2991
1732
7629
1436
910
2459
7226
6148
2874
9110
6953
5556
9919
2860
7180
8343
832
3285
1263
5503
2509
2438
5663
6629
5747
4387
1349
473
6251
9902
6343
3866
5232
4882
1721
9158
2677
6298
1650
6088
8220
4592
7557
8999
864
3136
1220
5528
6278
2016
6008
6977
8031
8929
8651
6914
7527
4799
4809
2539
3340
3850
6276
6041
4786
3367
6421
4094
4515
6817
7786
6609
5239
10
6368
5871
896
503
311
2570
8302
1584
3264
4794
5600
3836
8398
5648
9151
112
7222
1062
609
5153
6046
4992
449
9626
5569
2506
809
966
5789
2931
1372
5451
258
8254
7243
3575
7255
8489
7373
2364
7083
418
1397
2226
6554
6835
9485
7188
1004
9918
5103
1810
9335
4541
1560
1308
7609
6040
2488
2304
14
6044
1254
7627
3008
9405
95
4767
2205
5816
8722
6760
8251
5775
5065
5022
4513
647
4463
9814
7643
4637
8544
4562
4579
3626
102
9529
5015
7814
2867
1807
6147
7693
9833
1903
9881
2346
6495
4146
2420
9375
8517
683
5916
5822
9898
1008
1007
8516
6157
7518
2476
37
1094
6854
4279
9144
6141
5834
5937
1325
2405
5619
1362
7048
3635
3079
8093
4104
6014
390
8768
9200
1468
668
7550
7199
4776
1855
2065
7215
6722
6408
7855
7448
5555
1479
9094
6517
4785
1017
716
2939
2462
8659
7278
5821
8512
3228
3198
662
6247
2936
8187
563
2331
2452
4139
6470
5626
2286
8199
5359
855
2971
3253
7532
915
2920
6623
2840
7300
5839
4386
1654
8650
8052
124
9892
8114
3259
5179
9208
4390
905
1181
4305
3002
6759
3929
200
7350
8887
9213
1155
6416
88
6085
833
9015
419
6873
6081
6030
2034
9206
923
5048
2275
7435
9876
7868
753
645
9400
5305
517
7509
7683
1708
3801
7989
3773
7458
9293
1280
8732
3731
6270
5698
4027
4098
3254
936
9977
7505
1099
8582
4987
1835
2485
6362
1223
7511
4160
9052
4846
2973
8166
8378
3971
1626
4068
6758
5060
5009
773
5005
6312
1602
2853
6757
561
731
2548
6936
4602
2734
4696
3874
7182
8369
4652
5227
9107
4122
5965
4173
2362
4833
2999
5589
1340
952
8694
8566
4272
5421
6602
5846
972
274
6715
3492
2523
8695
1865
8091
6700
8376
7349
6178
5347
3720
7122
2102
5059
7252
2517
7489
9155
1691
1702
3350
5452
4397
6616
774
8013
3398
4181
1836
6323
2726
7302
7773
9709
1382
8075
2600
2653
1994
6359
4819
2652
7483
3122
9946
5002
5519
9812
1690
946
9479
1630
8528
307
5089
9324
2078
9362
7726
190
904
8281
9908
2075
9642
7173
9583
2428
6072
5382
4367
5695
1763
9982
3540
3677
7151
6787
3009
6460
7177
3521
8264
650
9671
7196
364
5903
2173
8268
5278
9472
2389
2743
890
4683
4000
9130
1603
6876
6457
4552
7653
2498
2486
3578
5889
4757
5122
9797
8902
5592
1048
5658
6619
6952
6983
3651
686
3365
6804
2077
4642
4218
9863
9278
926
1914
4066
7253
7424
4321
3380
1083
8009
3195
2446
4238
4898
7077
585
9260
5397
9013
3951
2430
3346
1517
268
1217
6239
355
2755
428
4990
7847
1079
9067
8986
3497
8149
9961
9174
8320
6557
6171
1425
2114
4448
3065
3816
7503
7366
4054
3028
1999
3428
5365
1072
775
9849
3233
8671
6800
8206
2837
6753
8614
2769
266
1927
3967
6897
7010
5384
501
8815
8611
1756
6970
9387
3495
9345
4759
2289
2606
205
7276
4811
2890
2848
5120
2442
5500
1817
2720
6490
4395
1748
5529
7168
3447
6905
5106
9865
6340
1393
4590
3770
3494
4361
3708
6913
4901
4808
3413
9100
933
5269
4282
2937
1239
2846
220
9210
9540
1399
1244
2669
2369
5207
2691
5388
7454
2550
2745
5479
3301
7477
6316
2681
4365
8836
6869
3688
189
573
6843
1185
5240
8148
598
5724
4792
1035
423
3341
5292
5215
1925
5117
3944
146
5994
3471
7066
7852
6064
5363
8889
7690
2287
5203
9510
7886
3387
5280
8700
7593
5667
5512
381
4330
3219
4650
1727
1486
28
763
6256
7925
4384
8483
8000
8952
6009
5885
9659
4688
203
3445
1545
5111
5276
808
2544
6657
1731
6749
885
3435
9619
1430
9628
7172
4899
5386
7388
2929
7337
9418
6038
2953
8356
5960
5453
1639
8422
1937
3214
9656
2894
3304
6552
8054
7742
556
6671
8443
9265
6823
4042
5943
5364
9641
2097
3854
2685
1958
5862
5173
398
3679
6742
1599
3330
9989
3164
9360
6180
6027
8814
4605
5150
5505
160
3109
3641
733
5099
3618
5942
3484
806
7676
1046
7440
9257
4165
531
1656
7978
3750
5344
7537
7729
2296
559
8542
6337
7039
2291
55
7563
3622
4849
6358
8690
9237
2
7607
7561
6688
9280
1147
9793
2811
5541
1983
5887
7687
3937
5447
7425
2466
2704
5026
2095
3392
2525
9841
4565
8083
1627
1737
4203
4617
1562
787
5328
8460
5640
9296
3163
9931
8801
8609
6152
5193
119
8759
9955
2169
8380
4223
4449
4969
4126
3894
8561
2582
7434
3537
3268
5293
8702
8927
4102
3729
3006
4912
500
9355
7709
5581
5810
330
9488
7288
1660
5036
3788
8854
1891
4864
4715
3939
6499
2926
6406
1768
7289
397
6801
4503
7652
1115
9858
2474
4070
9614
9535
6955
1194
8743
2654
932
1475
4159
6325
7554
1677
7724
1142
9478
9350
4853
7594
5941
9934
8745
9993
7024
709
6191
5254
6140
171
2453
199
6224
2111
6641
867
9815
7443
6541
1326
6929
5753
4661
5462
2295
1795
2233
4873
304
137
1258
3338
8259
6260
4327
8846
5289
9569
7752
6411
5835
1210
1910
7748
6984
1681
8667
5306
5583
7606
1276
7927
9457
8710
5165
7432
5632
9786
5135
5788
9905
5611
5536
9644
2863
4866
529
3102
8879
9588
9913
9041
2407
9343
5030
9329
4731
3906
1985
4465
8078
8471
1224
1559
2949
4743
1793
1003
7144
3108
7028
745
8580
6164
7859
8643
5795
3701
2372
5459
9920
9339
4428
4255
2190
7890
101
5355
1724
7165
1178
1544
7904
1525
6477
9323
7501
3591
3627
7113
3865
6958
6702
9647
3917
6696
1689
5043
2191
8910
9648
3672
5221
6441
4820
4127
8965
9384
38
4180
3291
2396
2623
9006
1734
767
8413
7778
8535
4542
648
3661
9421
5689
4835
1521
3812
834
3480
1884
1342
1275
5264
2562
593
7102
3669
5247
3292
2535
1827
1033
871
2124
2674
9071
5180
8309
951
5904
3848
8903
5482
2979
7755
1918
601
3231
1919
2086
3500
2965
4281
3513
1204
8592
9702
1177
9800
9182
3549
2883
3143
5147
1164
9976
7719
4375
3753
5683
8372
3395
2358
1278
4736
6418
7725
2857
9985
4456
9211
1824
5823
8131
5967
1520
2479
3957
1287
5224
1898
8875
5067
5622
6507
457
1572
309
3912
6779
7510
2773
4111
7055
6991
8895
8820
2786
4341
7600
6833
4402
956
471
1215
6281
3723
5562
2847
2903
4681
2800
136
2006
8295
9463
487
1947
6992
4645
9965
6884
9884
9434
6182
658
3678
8676
3403
8911
5938
3424
4311
7384
1815
7699
973
8663
3786
3756
1268
9627
642
927
455
9373
4043
1904
1143
7522
7938
4603
1361
3867
9611
2001
4294
2223
8501
8991
3401
7790
2431
8949
367
6335
9083
986
1444
9545
5558
3197
1150
9242
7264
7620
5617
5939
1315
7429
5169
5446
5576
8931
6583
2176
7544
3568
9579
9665
7712
3374
4719
6382
791
7708
870
2441
8430
2603
7928
1299
7186
2981
7590
3202
7789
5623
7453
8937
6409
7663
109
9700
8242
6578
3597
6587
2938
3621
7332
1127
6956
4136
8340
5766
9701
9705
7071
6163
9447
9078
9409
5879
7862
8278
3740
444
5507
1961
9176
6469
2827
9958
2778
3765
4927
9281
7975
2406
7139
9118
815
4922
3114
2680
3347
1783
9771
5811
7376
8783
2802
9066
3949
468
8869
9187
6235
5343
7059
6848
4586
6184
4755
2740
94
6772
9240
1293
7891
4727
7412
5673
3991
4750
1370
8217
1850
9683
6121
9886
1360
8163
3886
2508
5756
2471
5051
2414
4155
3416
6515
6094
6486
9108
4678
6039
5077
4996
474
8842
4764
9775
6896
9737
5781
319
3927
3871
9141
5101
1712
8871
859
8326
8756
9093
4121
7766
7034
6308
3098
4392
9950
8233
8825
6685
621
1378
4382
8936
13
2313
6588
5607
7103
2660
543
4746
6306
876
7015
3150
8755
4469
4276
6365
1228
4481
9062
9801
3818
922
6944
1935
4065
3563
3130
2388
2261
6065
4482
6968
2167
5676
5751
5757
346
3221
4789
6642
4206
1875
87
9250
2426
292
6471
5633
8450
9214
2709
9264
5408
2220
7807
6403
3057
9617
5266
6681
8151
9008
5066
1518
7284
5334
2821
9221
4886
7568
1601
1261
3984
7854
3091
4263
3804
7127
1924
8333
7668
7635
4379
1450
8119
4944
6729
6839
4032
1345
5286
2925
5283
5779
4698
3539
2793
1355
5032
410
4142
9831
149
3644
7436
4204
1163
9722
8154
838
7140
3430
702
7780
9366
1932
2584
2228
6790
7438
98
8070
8818
1716
369
4851
8141
1418
81
5107
8701
3577
6283
1119
6048
1577
222
1357
7294
412
7047
9325
485
2982
8838
5097
8362
6831
2701
429
4350
278
2588
8682
5390
2809
5229
6527
5813
7052
3754
1341
235
3224
5431
6381
5873
2646
4115
3504
5933
9474
4249
3298
9568
7363
4150
4211
1557
9792
6
3303
7576
6562
9282
4095
6051
8885
3542
59
8255
252
9385
534
7143
1322
9309
8634
71
5930
9637
2620
5492
3502
2321
373
8988
4593
8067
2036
1874
6535
9435
6898
949
3293
2235
50
9509
9576
4527
851
8863
660
7045
6518
3461
7799
8064
1895
183
805
4571
5802
950
4426
4831
2290
7009
7622
1200
9381
7650
7637
2830
4362
761
6378
1267
3683
9697
1765
9832
1154
1419
2912
9885
5844
6367
8823
3101
8727
3564
9090
4753
1651
7360
4083
7112
2094
9414
308
4067
9674
5837
3716
3824
3092
7415
6935
5466
9739
1976
5915
1784
1889
8888
93
7212
9420
8835
8552
6272
8097
2522
7082
8272
6079
8250
5773
5176
238
884
584
161
6170
4039
1816
6268
5853
1798
8508
6429
6812
3479
1653
829
7104
6659
3345
7974
2968
9845
5902
5817
9782
3976
5780
8806
3743
1448
32
7801
9275
177
8290
626
7734
1540
1422
4937
9336
4894
8384
3120
5317
3789
8878
8833
4445
2020
56
4487
380
5797
3918
67
4557
2767
3510
7810
4675
6336
3668
7701
3515
8025
1775
9984
682
7966
3320
96
4860
743
1125
7109
6579
4013
8307
7955
9564
1247
7897
6092
8352
853
7940
917
2884
2958
7514
4322
6122
4308
4227
4668
3606
9560
7722
2378
3462
4714
5833
6964
536
4740
2052
1242
2984
8716
5923
1043
4082
597
7372
4614
1219
6555
8993
1968
8313
8316
2791
1180
7857
357
5187
8469
4345
6794
7060
3868
47
5460
2314
4081
1646
1751
4687
6194
1657
9685
6052
3858
1232
9348
1531
4089
2305
2577
434
6837
1158
2698
1214
5598
2408
4199
4921
9983
4185
8219
659
6676
103
111
7493
3690
8850
1729
8975
4980
2357
2994
6274
9186
2379
341
2312
3745
356
3106
4999
6509
5966
2849
7987
3083
2524
1380
1290
5917
737
8504
729
5664
6055
4834
3468
1081
7526
8506
9170
1237
918
6674
5979
7998
3391
8256
322
8645
8393
3567
5475
9608
2319
6589
2545
9703
4055
664
4400
3422
822
1686
9929
9219
5091
9004
3769
2993
6216
2330
6976
1376
5708
9002
6986
1831
1812
2655
1124
675
5621
8786
5807
1137
1273
6369
695
7828
8709
7430
7618
9715
1411
6357
9081
6295
7038
2872
3941
8079
2831
58
619
909
3470
7115
4459
7740
7069
5614
974
7130
3165
8958
8299
7273
3246
8758
7316
9063
3180
2439
2014
8348
3794
9909
6864
8557
7075
3853
8529
6419
6204
914
1313
8493
9129
3605
9230
2400
1857
9781
4538
6424
9573
1286
5990
8575
8861
6556
5267
8599
2134
5154
374
6305
1443
166
7539
7081
8386
4424
1096
7311
3256
6904
8287
9459
3611
1502
3467
1379
1777
971
4010
7487
6110
9495
3111
4442
375
1472
116
1187
4134
7462
8016
376
1822
2622
6350
7134
6186
9662
7639
8416
4369
9454
6080
7285
5152
5073
5196
6035
8342
2299
625
4968
5932
9302
8359
3696
2725
7141
2098
1350
4195
5895
3444
5204
4419
1090
9937
7385
6174
8385
4088
7977
8135
8062
5436
9871
7326
9082
4516
144
4301
5348
7839
9740
6651
9616
8285
2412
6716
2011
4425
1752
3094
5007
2248
6664
7359
6388
7507
9874
3777
641
8249
3895
5984
1682
1739
1782
436
4553
2997
1501
4575
8797
2032
690
2611
3588
555
6677
5167
6402
9294
9091
7803
7042
3619
8845
2553
2007
8739
1106
8564
147
7880
7657
772
5259
5618
2808
8288
8042
9670
9811
7267
8551
6084
6327
385
1093
6099
8568
6370
3910
831
3270
1662
3355
7866
4091
4259
495
3247
403
9822
7930
3272
7504
4588
5171
6636
104
305
7871
2927
970
7664
8314
2864
5088
4141
9810
7394
861
3314
6189
5892
9153
4064
5627
4847
3157
6932
828
6859
1123
2363
8024
5057
6453
4555
49
3363
5225
2823
2559
6159
8556
6717
7782
7078
4798
7224
4222
6874
6695
8004
3117
9346
4480
6624
1676
9690
5594
6442
7417
4273
9873
4217
9297
7913
8181
9512
6708
118
5501
8261
8338
2904
649
8415
7089
8238
8817
3439
4929
3431
6242
8844
2232
7840
6632
7896
5976
5852
532
652
3342
7733
961
1488
2733
2688
6863
1809
3993
4293
9998
758
7142
1296
1454
2301
6231
2558
3709
5900
3752
8344
8071
2586
1804
5486
4567
488
6566
5186
7420
9912
3279
7450
7250
5188
271
7004
285
799
672
2942
1498
8917
5338
143
9996
8041
8510
1490
6206
4359
7920
9790
2996
1872
1547
6937
8754
6360
4878
5798
3964
3785
1644
6660
4243
6265
7961
9388
9029
424
4454
9519
5287
7583
3476
7631
7343
8455
7381
8074
5194
8740
4197
4888
4783
3260
8055
1664
2380
9169
9301
3022
6304
6686
1530
1414
8932
839
4709
8526
9190
7850
123
4917
187
9022
8263
3021
9589
6153
6393
1882
9035
4587
3612
4112
9761
433
9069
4140
2100
4856
8779
7170
1888
2237
7262
8140
3803
1469
6177
9039
1266
4084
9390
7874
4239
8912
6916
8178
4120
4704
8726
7760
9269
7418
6050
509
4729
2354
8730
9443
4381
5763
8683
5490
6233
8346
5870
4212
8699
527
5894
3099
8100
6175
9922
1279
157
7019
6209
4026
2898
5950
1109
1969
2759
8591
5468
610
7416
7674
4076
6396
3310
8595
3915
8946
1332
9134
8770
4007
1449
639
2749
3402
2415
1245
9413
5635
7879
2051
2352
294
3223
7090
9
6445
4137
333
9023
9856
4128
7599
323
4409
7610
3546
2957
4286
9184
8934
7313
6626
9907
8505
4328
7230
2131
215
7710
421
6615
8588
2782
6021
1901
5366
1319
7110
1328
4848
3931
6872
82
1573
1208
4414
7095
269
1952
4411
470
7933
6261
705
2231
4391
4865
4906
6690
2037
8106
5800
3647
2266
8893
6739
8175
526
1145
1138
1264
1428
6706
1402
9974
2510
1912
5911
3659
4549
7636
7485
4867
31
2175
2566
9271
3456
8718
813
3458
7604
5700
7613
6724
1034
3717
3711
656
2137
3483
5301
8741
7830
747
2121
9162
2551
4175
1528
1967
5277
8030
4226
8301
8419
9525
2130
5123
5249
8532
366
1346
6347
1593
9981
4056
1396
6493
6463
1092
9446
4317
9948
2366
1634
6195
365
2889
5260
3589
6309
6491
8037
765
1231
2835
5955
3885
8260
9604
5023
9149
9261
5082
4826
6934
8907
7980
3025
7371
2980
1594
4911
5423
4780
6230
4624
4813
7769
2815
5331
1212
4633
2069
8012
5809
9818
3593
623
9666
7992
5847
6227
6539
5129
7171
4523
3312
7901
5985
5250
5401
7145
5826
4388
3305
6635
8454
8328
8581
1133
2565
3969
6719
9139
91
5325
2935
8282
6001
7330
2576
9467
4705
1067
2434
616
2063
1252
5274
7844
9111
5624
2092
6819
316
1364
9428
7795
2932
2737
8331
4447
9995
9840
1621
711
232
2342
8072
5367
3988
6459
6275
21
2900
6746
4427
6098
9591
8849
9312
4561
7452
1549
4554
5957
5342
7762
4850
3560
9181
4744
4805
994
5222
2632
6436
5744
1435
4694
8361
3938
9555
2115
3892
5309
7584
8974
2057
4202
3849
7659
2578
9587
2761
24
2765
7984
3434
5591
9901
583
9173
6714
6433
2634
3652
5140
1077
8048
348
2818
8494
7945
4486
22
6604
326
6614
8168
4129
1344
3313
4221
7971
5295
6966
6022
6558
2886
6865
2101
4910
7164
8022
5063
3118
938
7815
9562
7572
5361
7562
2707
4406
5202
1352
4161
9216
6894
3725
1104
6511
6638
4041
6883
713
7192
2138
3943
916
4522
337
5000
895
2866
1511
5723
8065
1165
8209
5866
9351
1541
4723
9205
9125
6091
3945
1526
3843
4816
771
6807
5582
7292
4854
6590
9407
4306
4152
5782
1051
8819
4619
688
442
1907
8150
9122
4453
6832
3787
4932
1198
1929
9402
6890
2814
1298
4423
1668
3703
7937
6255
2303
1606
9633
6303
4796
4907
7193
6434
2109
8901
4005
6521
8479
9774
1856
8648
1229
7515
9508
3807
2332
1800
505
3255
257
5678
3371
5416
797
9750
2079
1291
9140
4830
2882
3547
7732
4829
2974
1485
4123
6482
8685
6769
9145
3925
8225
1465
524
6826
448
7822
6911
2161
4149
1622
817
7991
1455
7812
8246
2880
1941
3550
8033
9691
8407
186
2736
8405
7551
400
707
6882
9650
7884
8117
3531
6083
6244
3113
6248
1586
9883
6221
6425
9836
9419
9259
250
499
4248
3414
7615
6841
7716
4963
141
7776
4023
8417
3193
8518
8392
6663
7651
8026
4611
8492
8781
300
4928
2554
3297
3230
3433
9501
9156
5755
1759
1222
2671
242
1928
8856
46
1146
8428
6516
4564
6662
9303
4686
5387
1494
6775
4613
6282
7309
7625
6617
2561
3809
1189
9894
1238
6138
6844
6847
3123
7257
1647
7495
4629
8632
1826
4778
3526
1688
2722
5380
8410
3018
620
1671
7962
9399
2201
4545
4610
1307
4966
5422
2527
459
7185
8749
404
7238
3105
2587
7689
1420
3158
4891
1027
9753
7101
654
5928
1535
4451
3604
2528
3015
2891
6891
9933
7534
8870
8837
4266
8330
3309
3762
4666
5392
7029
8104
248
4951
8719
7395
3823
8229
7057
3368
284
4031
6697
1567
1316
8848
226
8628
8056
5236
9669
8457
7893
8621
2494
7334
9295
3514
9143
3614
5166
9321
259
6774
7691
1596
1797
3896
5728
674
2162
2158
2779
826
9347
6338
4289
3869
4654
869
4316
1371
3570
3629
1063
7796
9313
446
9408
1946
6087
3888
2259
2285
8562
6375
920
2845
9749
7838
7617
1709
8045
493
4284
5748
8968
3060
4977
5604
3749
438
1462
3271
4353
1427
6591
7751
1611
9098
5613
288
9456
8172
5047
4761
3229
9528
9846
7261
7159
6241
7333
5375
6100
3278
1226
1117
8216
9891
1431
7128
7675
6196
4879
1305
372
3751
1936
1269
1314
6925
7475
3835
9292
9320
5491
6526
7798
3907
2087
5354
1699
7564
1386
3204
1274
2913
3790
4923
6374
2116
8312
2774
7910
4631
8626
679
5721
792
5983
630
779
8705
9964
7542
4166
3212
370
2152
3582
6207
5429
1802
3643
7603
7056
2132
9861
7473
406
8925
7694
2251
4926
2723
9070
4795
2050
2730
1687
3149
1564
6201
7739
2008
7873
4097
4938
1736
1948
6640
4569
2021
2608
5855
4205
9610
4517
4635
2317
120
5858
2401
2029
3900
9678
3747
4309
9020
3599
8524
2361
4028
4464
296
4483
525
8619
9310
