80070
59958
48690
84250
88614
25279
46996
23797
85125
53167
1536
52438
76059
69870
33786
67395
57627
45228
57150
60013
43435
50149
72091
32724
18332
67964
29081
55600
61926
22191
91242
58348
82148
56284
58949
87113
81562
5945
10910
83039
75463
28797
51828
51522
98667
85613
35268
56293
30841
8769
16305
74275
58918
4747
23350
93601
72710
68782
49200
50988
90972
56794
9335
89472
13077
68283
76584
10990
90579
3845
94028
66042
32642
45855
33915
47660
47820
69182
3952
78660
77951
36608
69286
36868
41355
8987
30468
30416
77768
96019
81403
85091
52812
7089
74562
82240
91724
67498
93230
98654
71342
87257
81047
20335
49464
14961
67994
97283
84143
88297
92294
62093
24905
61579
15312
82611
86917
62131
29378
64684
74501
10781
66126
27313
34221
40688
9552
42296
8185
19133
40950
95878
22742
38348
16213
72205
53309
84206
85839
53803
72503
78132
32247
13759
56062
47558
96369
42978
26040
25746
24013
540
52878
90138
44204
3451
47177
70108
45746
71713
89240
3047
67591
11981
41395
83803
537
11055
84360
86375
64857
73214
80858
97103
3324
36919
61012
16044
96248
87051
58142
20260
3942
27371
10398
48146
30821
57574
34605
92919
29287
23844
95965
13229
52177
53711
13383
69065
64765
14094
55440
29621
87308
52649
43075
6983
89568
4086
23027
85815
7488
81168
22427
11430
8538
32824
75927
55711
6749
10531
48629
52387
50726
60945
65615
19254
14656
78997
88319
95772
93091
60110
41745
96750
12758
84819
3732
18677
5257
43110
20844
12744
40629
43270
40525
65519
76093
16451
21229
99193
43333
86209
51580
94059
63505
17194
29664
78160
12543
17982
90284
21985
78091
32028
18734
7201
16846
38817
25877
38454
98279
46720
51198
38907
6341
8074
4425
82433
24525
42005
97978
84209
28213
49557
94619
91718
83102
24283
86229
95644
58616
76512
17628
36707
24891
52713
60259
58089
91530
2487
96542
89808
65559
64091
45066
71899
72165
49491
70684
13041
7847
68661
97249
36060
18217
91868
44129
1318
32502
46709
13314
91117
39573
30941
44175
64463
83654
4433
38903
91535
6920
35445
97694
88830
99535
42759
60728
88051
8601
31411
1091
16448
71
98340
68859
34639
6559
29339
52309
39060
92399
65622
30176
31971
12914
74351
12786
12919
95135
68040
4453
18406
3484
18498
7235
19371
77609
67963
7421
2561
15725
24864
35360
32148
23203
4218
83138
46113
49908
35446
85172
42307
1067
15347
90629
13981
6049
19766
26899
1184
87806
47704
19589
7641
82553
43176
27011
60161
27490
50784
62722
43214
75647
98081
91713
15201
18651
74851
61313
84910
10296
46484
43568
27715
78182
34197
41695
583
70314
84945
1766
58119
49000
37706
65760
31553
97233
9122
91713
24722
76257
70786
84288
51903
85219
76000
83455
20221
67202
44767
5130
93850
7602
48698
21564
2136
99246
79610
2718
69559
64554
20835
44030
29906
74892
9789
61458
72125
35262
69522
96846
11519
40308
97485
79773
41878
73485
79580
62098
57038
24346
83579
50887
48300
48628
72450
50435
47873
52059
69504
33784
32965
6690
77813
62870
81581
3953
40679
70057
39214
10200
83255
67084
66859
80739
63209
8736
70575
42788
87185
27613
83485
87116
78499
48136
35743
67301
98570
99968
35711
84425
33751
85027
7466
27915
64248
89047
31867
4926
75455
87432
15126
58709
70868
98336
55800
34076
23424
26374
93215
26960
70338
76699
14075
65189
24835
49818
32489
39756
66137
68199
40533
99887
53226
47998
44153
17473
53396
76019
38751
28851
79802
70228
3911
50669
68563
59710
1096
91986
2436
94310
18946
72773
87361
33020
54313
28547
99189
86801
68302
81677
71352
25186
97915
24577
73184
42067
58401
42931
18085
97151
88133
14239
67378
92044
64907
52293
68105
66003
44278
86892
76664
79575
76017
64024
28947
30329
92570
44487
17130
77224
26164
88481
2409
24078
29409
91944
66145
4161
51227
581
17664
39359
14819
85041
31402
96078
53685
15859
62080
97963
2750
38743
93889
95118
19119
22835
25447
11688
67322
58928
5263
9837
47408
24024
33914
93168
15967
16410
97328
67193
33343
31343
22904
48161
32736
70657
60590
86420
86515
22669
734
5617
77764
94623
734
13234
17457
26180
24921
1130
85107
30184
10966
48866
54207
61232
58385
86525
93993
72065
70070
27335
3407
92973
75496
36142
79981
52437
22562
66496
75106
23295
88464
69221
17917
89197
82454
51726
31729
23726
69207
33187
70261
96525
98405
40819
57756
56789
43696
51748
28853
13765
95435
32260
23089
87282
84753
3069
39718
7314
85916
14823
46961
74379
395
81229
79928
99200
49306
28008
39278
18513
61194
9538
15037
59598
66709
89144
32739
10404
57243
61591
40520
52677
10202
79960
39958
11307
99380
79676
34972
1648
10850
81932
92378
27597
79513
72305
26796
28818
16664
82425
47330
77858
91963
78718
53807
75023
84213
86545
85426
57808
64488
42297
10484
91041
22256
66794
2347
21635
62821
37319
23282
90022
19250
15660
17618
15114
4316
60766
43932
20980
43190
91261
15189
51504
86331
68995
26526
70543
71892
28303
44702
36379
70599
55186
27419
92854
38331
46118
30841
17503
83436
70474
7524
19037
2485
41494
34151
6801
2259
78082
44132
61800
85694
59320
29656
88376
44666
56181
75271
16557
84484
19972
69287
55082
91509
13058
64288
29839
59175
95128
63693
58962
81953
71217
77998
84438
12710
12148
7590
31320
6581
51721
9471
8627
27392
39126
97002
72057
11659
72272
4966
12494
8596
90604
83927
104
20013
48214
46295
79187
59693
9987
38148
57998
81203
32498
42435
10264
60997
50024
57935
83930
1744
67406
92556
45487
22883
5909
17543
34541
94533
38860
63386
3128
45816
47313
3231
65828
11878
65877
61367
87923
75864
15866
45920
73418
48363
88354
83682
25712
54729
57968
9641
72824
41725
2196
18310
64608
24456
35852
15500
18988
91064
78886
38467
36879
42550
41698
19058
70779
7574
80424
58701
99789
96290
4620
73207
61004
9325
73240
86715
64053
31207
96355
36876
72932
14902
55185
53891
39358
7389
69390
74697
14804
64627
13164
68034
23528
71213
87091
94307
95138
67515
53007
94927
63804
73979
84485
24807
99655
57724
27874
80060
5282
24228
16935
78213
55482
88472
48455
11191
12212
17845
85887
27015
98823
15402
95048
22351
86614
82138
33009
98104
66004
2367
93030
29807
76345
77514
70966
92352
51589
98839
72411
56870
39418
5697
51435
94899
94168
99889
6089
22731
34085
8328
49745
32908
40081
61144
71610
26695
59634
20970
24798
25637
23336
34179
71796
16033
28044
59113
8384
95984
57951
80794
52853
13720
86490
20639
8619
97010
20528
31059
19740
54612
55738
85837
3871
95819
63332
91832
38865
22965
12801
80014
64954
36137
14192
36749
52169
58587
95861
76904
54570
70163
74049
23774
83882
60538
44413
8852
73899
81292
56263
9991
52255
28352
95827
72478
24170
59158
64309
79386
98475
93462
59399
63428
45950
89942
16528
14470
64880
12388
91373
35801
98902
65421
59575
99135
42310
20339
7987
16209
1630
80601
26199
70236
8952
38377
42713
49474
13886
23374
45211
28712
16835
4610
92139
62784
10903
25018
93605
75783
53757
84977
11583
52658
50397
87509
51793
9058
7847
76131
25266
25828
56731
67816
12416
82034
22544
55128
31507
36430
94853
76718
81493
28039
97679
73632
7174
24933
15001
778
715
68758
85754
28650
21415
52502
16158
73207
61560
40357
49337
3177
82536
22419
70993
94951
4453
93536
66431
52311
46317
61283
45380
27810
5674
59410
17793
12847
84343
32793
13625
1409
17902
15730
30058
39317
68232
62568
28875
46143
19276
94564
49319
1811
16982
20311
13114
37786
30199
95896
90097
92867
73530
51828
37028
79203
11238
71172
92050
95580
3965
22026
13340
21866
37755
59750
77534
22338
22317
6409
68480
57944
17324
34151
59754
50657
70813
89219
88443
17363
85114
94891
10230
58644
63070
47257
37846
74307
34781
46247
86238
55097
68272
99578
76962
22379
59327
70848
61068
97995
93608
45900
55938
10931
80050
32043
61587
67214
37614
66381
84577
22727
77623
94806
81370
40693
58414
35568
14999
93194
81814
17589
48290
66438
33518
41604
5168
92844
28803
82587
7190
22410
44838
79479
33340
24887
11521
11278
92101
49134
94011
76677
88213
71633
87834
69582
12325
62599
21501
43676
72145
19667
61264
36786
2456
94781
78389
23975
3976
7191
6561
27517
45952
51399
6995
95643
92637
34867
6921
1089
84001
17283
94117
88565
88915
98302
74498
1240
60901
95999
44915
49397
32017
22530
86182
34472
33662
80923
58446
53989
88113
81358
81505
50417
49108
4851
46059
58097
39717
69331
75537
40069
86613
86006
28633
75528
84307
3131
93119
61559
15481
54385
10955
47497
76914
13489
81968
26927
94411
56765
80915
98875
54474
78771
49291
19934
99973
11702
78030
39689
81032
69918
96110
83997
55923
41094
59524
56582
44224
68994
18140
76056
23378
45447
23552
16643
58935
21871
43569
69697
94987
40835
68571
49461
35957
17862
85746
35929
29563
80127
75617
26946
50044
88078
10942
5967
29172
86817
78900
89747
55810
97039
65803
79187
58837
89354
95829
34123
27577
55749
3819
22563
96583
72390
88375
32539
6603
74120
84819
52517
54246
60436
79462
4290
64865
6756
26608
94036
93572
5507
83783
49382
18897
65937
44920
94086
55290
57101
28208
82866
12849
48379
21781
25784
37120
10155
74674
43722
627
59493
12590
54872
36280
8403
75513
1144
15158
2120
11532
8730
23978
95314
74463
42875
61250
19382
36960
32891
76482
81519
32109
5683
46249
70241
31466
83368
80395
6139
43441
81021
81983
56030
52245
18262
64433
27757
19406
95942
46229
30937
4671
70206
42602
79133
29432
20203
14867
82743
69445
7700
64262
1553
13382
26862
71793
61199
10230
68540
83690
70022
65912
65672
42404
34508
83934
6836
62265
19691
2777
24845
50627
23800
95050
9580
19284
40834
29782
34150
23576
15578
41850
4189
17131
71583
31051
5275
32782
41280
90166
32823
11301
72430
98494
53704
6937
82427
76891
85553
18469
96020
10397
69095
36171
21799
95026
55454
62632
41159
89604
86207
56737
47805
6748
90219
19387
37798
95493
68520
79077
2011
1342
6729
90792
99836
76785
97728
98614
70027
99633
17083
82398
26381
2529
18568
48179
97555
74022
27162
38713
79977
29721
11801
27781
36468
2019
63519
74265
13864
32039
69693
15874
49732
92773
23017
65919
69557
20744
64533
55936
36728
97967
38333
63109
16847
56901
27639
14401
47274
71153
69466
27250
17225
97618
71382
53692
99637
51252
44308
13500
99642
30352
45725
49374
23124
68741
15292
9033
5836
96176
64968
42564
94142
3300
22024
10989
60200
66014
41741
23825
37166
27558
51074
70742
25176
38807
24433
24812
90059
85092
54663
89700
31795
387
39073
71271
85479
70717
80303
91314
66892
61622
50229
77386
64921
88604
4726
41473
54618
46466
65297
8135
90376
32723
78877
15551
71529
19661
56714
61587
21105
27728
51287
52899
28114
6711
24169
29944
77427
20823
37609
60671
82444
87838
38056
63717
76441
42781
21541
47410
5598
3189
71897
12325
35911
50773
44227
23792
70433
17292
85378
7889
45019
53016
60788
89484
76079
84956
19427
69857
22131
57036
30527
4574
44873
84934
68290
37665
44066
6182
1427
66016
9371
73323
78340
61633
24095
22567
85424
10879
39858
87154
18768
84877
40169
95907
74360
16247
97214
93787
86104
19344
67174
32982
23918
28398
17916
8559
66062
61981
31093
83840
27996
40463
57162
22688
2095
97608
45254
3871
24839
1463
91024
59958
86339
31192
55864
77051
63791
53077
87189
66246
88773
54362
15579
29042
82759
33494
53952
65172
11827
85044
49012
56174
25506
22525
78861
43953
36485
24114
47823
61323
25577
38846
37632
28267
86389
93495
5317
66531
62923
8857
49128
51695
63218
64707
97088
45976
98200
51040
27500
26378
36083
76511
82552
77941
15387
61412
38245
51871
1878
86067
29545
43806
41264
67176
72072
44004
77022
93741
26887
56297
2597
76014
7991
82167
40720
21431
28142
55272
72470
55641
81649
8552
48503
64200
86492
63890
41964
24736
32112
43841
27154
61657
87646
84769
28832
76069
45125
22206
69809
72011
78502
88758
48024
2844
70924
88744
24274
15417
44015
96743
87410
25663
5295
52264
6215
8138
16153
48178
49226
48265
92018
92731
26273
96015
77500
71456
72083
38976
93661
58244
10986
72162
47001
59009
75006
17924
64104
99279
49692
8118
12374
37101
50133
17668
89365
72699
42157
21869
20876
7734
86485
29245
465
12757
25259
94316
565
97341
33291
94225
55584
60628
66387
18936
19636
57744
53211
83740
73374
2903
8209
85747
56355
74693
19766
45719
47391
61923
83940
84618
86008
86776
13862
86472
99533
55472
97139
97
69165
46781
10673
41100
7408
93411
60036
43396
51154
13246
27135
24528
32500
51695
26626
88855
42740
46392
50925
90130
24666
51216
91100
10673
37992
4961
13497
53876
60433
26987
53972
29597
73768
80996
87048
81175
74407
47083
24570
25560
76681
68056
66439
9180
36103
9417
14386
78842
55808
65311
85323
96825
16526
76422
23849
70869
97735
37345
24744
74519
64332
95067
20467
54451
76063
7514
35625
50469
54597
76547
92380
47629
44602
75171
56808
97056
84587
71194
92249
56746
52856
77572
53570
85733
70345
77418
56602
84431
31115
81345
58949
11798
76412
95767
66248
68826
3281
18224
19294
74229
94770
28025
21857
55724
3195
95016
52779
4133
82561
45028
60878
51768
38951
14447
37501
25647
91865
10454
10078
39331
8150
85378
51128
84561
81145
17375
53386
777
35598
89031
91357
30368
17056
29565
2443
36602
24580
55221
40735
23493
16600
1612
75260
55550
32411
29112
81197
40627
39565
7626
79957
47715
93003
31084
48627
90499
64810
18365
91275
407
7395
98983
47126
40802
28547
49568
93756
69479
21141
50842
92971
37740
52453
68230
9642
84863
97342
7190
41841
53258
14815
21797
972
7817
69232
65951
14668
34041
84315
5942
34448
8061
4925
97925
65215
49823
47493
58970
19301
68633
9811
28623
22724
78615
96853
32365
79830
10546
39554
21670
80155
70720
59819
81127
94889
29050
47077
9556
63091
47743
31849
13890
55803
53125
11814
21017
2948
75658
96338
22248
60642
22500
50871
83366
1115
64075
32082
97296
90972
87988
18965
87478
58707
95135
68604
53595
24185
32032
63150
87275
96126
94999
1164
51929
48123
29329
89297
51070
4987
1987
89670
65628
24486
56892
48993
41952
37318
97427
39247
44641
85414
74564
32118
44120
69698
17074
14067
93882
65457
77216
97508
61583
88566
15023
29863
53041
44352
19159
20462
49338
37497
10131
31317
61983
83374
96662
3934
37043
94088
59533
81683
79501
34096
13801
39972
20145
47226
54038
14027
12682
47606
27886
74264
52523
42909
20478
5563
87260
39637
26025
52949
77133
52507
84265
55467
52233
80926
75753
89275
91365
35285
70958
70865
85732
1110
27189
5876
48335
97578
36254
77368
61535
64140
67984
14058
7048
88461
35972
10659
44449
61996
79959
21582
14503
64223
93400
66735
61501
69152
72361
52865
20788
43318
40082
6519
60779
67270
28747
25465
81199
65000
2833
42734
29139
70816
73143
52538
59276
9114
79548
3725
87462
59506
41658
18316
40081
51409
1402
1581
36913
73762
70797
57700
33432
10878
80571
94210
94499
9317
36027
92050
74316
38859
34783
19807
26026
24277
88696
1653
49742
68244
21729
37203
44101
79738
55518
533
31147
73271
2113
68059
47033
89262
25758
80464
139
22680
91025
10990
31996
27051
3039
6312
82261
54173
26118
24638
78449
14813
26291
44542
99408
48019
81745
59861
44109
53614
60393
75255
26885
78858
59665
90269
68119
1774
70732
84609
24454
78108
95598
56449
21511
98636
62760
3771
69160
5229
44761
63960
36394
71051
8502
52153
35421
90246
12013
79529
60211
72406
71135
87095
51263
30799
77363
19381
32573
64446
3989
57026
58906
15939
13474
80416
30926
92586
538
86
14166
45298
64045
50559
16348
88898
19064
68121
79143
31076
47649
55706
3481
35136
59152
71095
65934
52867
6827
98506
17312
27168
71883
76217
43106
1709
72984
90383
94294
73522
90468
24811
18819
70865
75370
51519
59762
10785
19639
55257
41860
83639
10962
61693
18774
86465
32787
84708
39331
39614
99565
72995
66781
71448
65563
26238
73156
38547
16620
83801
12068
23440
8611
30886
94304
332
98756
70417
11116
18394
25673
69328
2033
52986
31020
37158
39451
80158
21865
78781
19771
37782
51775
2903
25581
17338
45492
98736
72236
62112
98888
84303
1903
23850
31540
96206
40534
30296
82974
51649
48689
24999
20976
67073
77984
68347
4231
33786
48505
42447
28919
68275
80228
97045
87530
5808
30734
33021
20895
2969
11484
36134
3623
13386
59984
35163
25943
517
81810
25269
68517
46850
50267
5845
13923
28250
74191
34505
78388
22695
93303
7306
7322
89883
4350
11203
12042
51436
60575
32937
54404
72059
85422
58027
1796
45405
9541
44091
62273
91350
69359
47142
38199
19625
52986
68473
64226
27176
19329
42613
66223
12632
66270
73544
18866
70620
84746
30907
38407
45320
80195
92810
33730
65617
67188
51878
27373
76728
95968
89646
84429
81678
53139
38980
17654
6124
7452
81879
33299
43133
40844
15873
72116
7113
89416
90981
94084
90513
21887
32490
52185
18434
41652
85914
84050
8839
54143
11422
85567
66462
17419
86347
48139
70557
25326
65792
93032
49130
64023
42683
92262
4866
58555
80729
11978
47971
71709
6062
54835
9947
54903
7019
28380
96554
9285
28781
5393
63427
40203
7311
29889
73973
93657
94379
60882
18983
76523
53913
84464
40545
96595
76725
45410
55150
57453
73739
19472
45513
96152
74306
71811
51055
81325
16543
63960
6961
45323
69352
70387
1877
93014
16627
92202
3023
11006
53083
38357
87528
6995
22820
28072
19942
99544
89833
91443
73348
63571
10914
35212
76075
1571
7022
27129
99247
23564
7440
6207
68887
76792
76594
87115
86157
93220
79316
89179
20577
32398
27535
24456
55745
66706
68879
75686
82601
58711
83480
55948
38634
94393
7511
14708
12315
14533
58188
11562
38096
81979
17768
23334
58770
10713
10449
61279
20285
89764
66809
40861
38514
10696
65317
94258
77401
50547
86295
60002
9258
69774
32301
64243
80518
39812
95302
92832
70696
69841
20745
8791
51819
38513
48477
26941
49225
75277
88219
85861
81392
71379
26722
19905
82074
8390
30514
59475
58936
33160
35828
84545
19285
68128
65139
99802
24291
60440
8986
94986
46632
29730
20129
14803
84594
84957
41743
50171
60233
46313
36031
41624
17691
79104
77881
99765
87493
8394
75591
62781
41554
11418
63677
77190
95897
28816
76992
20188
5607
2329
15173
52239
48410
51653
83393
49356
36609
25135
99526
96841
87799
51908
54817
21841
31012
32697
37957
34856
57442
13547
97636
15347
24964
77665
92537
20861
6480
85880
57400
28438
4560
88924
97028
52969
40577
80420
18676
93537
21906
18201
6730
9704
86461
61546
31545
17472
10594
69501
52327
84387
99400
66315
99734
24363
43979
8622
61575
66810
10853
18974
95247
15412
24250
92275
84732
64826
72694
3408
58362
94600
37960
65091
20655
24420
42988
68551
58243
69933
38052
10570
54320
53803
93236
70405
78165
53566
79026
56092
36727
6230
91417
31973
21641
15666
40599
22724
96843
29645
26131
71557
24244
80443
52999
61250
4862
95987
29801
63105
65919
67852
90026
36590
21654
99613
6994
16170
69530
2371
88613
6256
8600
80030
54580
46592
12047
95179
69316
8890
24823
95446
80446
65418
92240
49796
26667
13454
45782
56467
92910
28053
40670
82935
80994
78675
98899
87988
11197
68428
6710
99809
91035
15310
96190
45614
61901
24589
57144
31216
33478
81966
43014
30275
47383
35253
80070
90402
48706
42204
46868
41615
86608
87538
40901
67601
82564
56151
71940
93760
40930
78650
9921
31964
10311
6110
93930
72211
47050
51073
19779
80527
33039
62792
27153
96773
14396
23575
87174
79454
82130
50394
37420
68737
54283
94673
52689
36846
50823
40981
46958
8105
19630
56878
40068
29940
79339
33997
18502
26389
85070
38280
23267
34460
17423
66772
31232
48171
90346
34758
43976
88827
1503
81395
73915
55785
92419
26603
92630
43242
67583
55939
51346
3564
12816
7765
49855
8507
58114
84709
34895
43183
22988
74513
93994
56763
41284
41577
21285
31629
76334
65260
20455
77836
63006
10721
49972
55425
37324
58954
15018
21258
14892
82715
41174
44060
90479
7380
52566
48592
92088
87460
8126
31428
61972
2119
88190
19608
60048
25826
51236
52733
91085
88043
46921
54090
98763
96892
9514
52438
55845
40883
90048
87089
23597
31221
31148
14076
54952
83713
79019
47040
87524
3497
78467
49495
21967
83008
69102
82014
8833
36690
34747
16269
41084
81667
70358
56198
94910
96224
24988
67107
37106
15035
54195
60703
62607
85342
91130
17558
69054
86500
80949
56577
89996
59415
22423
11963
58774
7877
93976
67606
60918
45074
83874
18353
43092
70584
74550
54354
83159
15889
21460
20264
47275
75654
97318
9881
77347
4799
43791
46400
91299
24739
19328
81294
506
58102
93256
59279
65978
3584
26885
43247
65009
27110
61599
24453
97693
52501
78806
97203
68389
265
17467
15664
92270
31136
41896
69616
35935
2038
32367
27233
26777
51694
24878
27282
9795
34486
2912
92125
38069
29796
35371
19429
73258
96970
43881
87302
65822
22686
84505
34210
39302
18323
66225
31571
49458
24473
1186
85392
26510
33552
28976
53286
1597
53854
96919
11392
88339
99831
19868
42759
45978
55238
62187
35587
68559
22420
22889
34380
45105
23745
68590
84407
42067
51166
32329
91524
75638
49867
93268
2148
83418
22243
71785
1367
92448
85056
29110
80786
84886
48977
39896
47215
4214
2083
82802
72773
40854
22042
7152
85958
45786
92093
86716
87852
43259
19045
95727
35248
68911
88994
53747
68680
27589
25532
70046
20036
10587
15507
17174
11824
64483
57069
75390
68697
75503
74543
57821
16356
96584
64972
18666
58721
73417
5381
46572
33027
40777
58651
68274
26039
47644
22021
11071
91584
63904
97468
27972
90842
12975
45145
2665
77457
18565
94406
62505
10420
68949
20325
43127
65532
1649
61792
40605
75065
83525
87176
24443
40653
62178
92716
83044
26174
31088
94114
17757
94991
91581
45728
85832
4555
7224
4848
98364
42141
99254
77220
68912
68202
97545
12038
50085
15545
90182
90689
6961
90058
94217
31403
30710
72746
40470
13753
98919
71558
24218
16676
82900
15799
78755
85084
36705
2331
6283
51420
60823
5536
28640
29734
90089
42536
41771
56526
58080
48304
63566
65040
38361
74134
12794
85423
46880
53263
15527
45798
41172
39745
78825
40424
71895
57580
25507
8599
76262
48141
76371
37084
53677
5010
66817
60117
47545
24939
32994
21976
73243
96560
3367
27955
70693
16160
13377
17572
85774
28904
79722
43298
68648
58546
83721
56894
16125
25579
81844
8738
73719
58214
45821
43747
63223
28989
3864
27119
53928
36857
65446
43522
49768
68812
71476
20461
1323
1205
54384
87097
30108
34105
30394
15107
92651
30466
72000
25127
56044
53843
33865
29762
28409
96037
73509
7983
25026
93724
51454
95305
46932
16899
55178
96700
2063
43005
33512
3385
44209
87895
6833
90668
38352
53578
22126
31002
84043
10477
72480
40086
80672
22696
86200
9080
18733
76060
17062
60110
86135
68515
71766
33066
1766
26943
46117
3828
86299
79628
7212
46860
83875
30397
37527
22226
83974
76005
69579
68017
86481
58410
24454
67152
81106
10653
92583
16190
3064
25997
76299
89198
94511
64416
38616
12628
7710
84732
16455
94008
64360
40019
40867
64586
70415
94746
86811
54388
70750
72741
38756
57230
31150
63210
40734
28607
90214
33316
44796
9630
59312
37446
98827
70175
1861
37442
82802
9570
38526
15609
19930
19237
55627
60796
83822
42393
55541
86984
13132
42642
59724
51888
16224
7225
31449
56957
35832
38014
6624
96979
47643
82288
34425
62822
68814
36285
263
67967
62207
55140
83575
82136
74376
55553
59283
58197
14297
31176
45180
27429
73817
21255
95668
90040
44832
27116
63348
80663
81481
69972
77641
29124
68611
28417
91945
37424
64702
8559
5390
43260
63699
5317
41747
38074
60869
1029
12623
75166
32204
74154
18946
6021
95409
14613
96060
56592
58080
59408
37254
39560
45731
31246
68683
14341
59663
76979
51764
40716
85538
73505
327
65588
78821
42073
20013
56042
43101
32635
47559
75305
23141
66504
81325
34901
97468
93736
91492
55547
69495
45097
95106
31577
76342
63789
45917
52356
57119
14032
93071
42656
3889
93397
24595
82709
35469
44608
55102
94922
93594
2660
70226
16734
85515
67902
51634
82982
77989
59477
38528
47484
4573
33634
79060
80915
13774
41329
49622
70892
71712
59045
29900
75600
68793
70846
74661
20614
15453
29762
15535
25399
48774
85760
58484
34288
70013
26470
17270
48001
85946
72149
11836
90519
22134
7248
87785
52259
48576
53758
23151
20287
12802
69402
12239
81595
40247
86899
2208
72052
16660
17742
13802
65433
19853
72285
16073
6217
98754
49694
54217
84700
21842
82405
91570
60328
89652
95706
12586
38227
49463
52088
74865
62265
21489
87103
43859
78088
74001
62418
50139
7013
80159
63940
88797
16363
52576
4869
22579
51330
70914
93147
52381
92756
75551
60302
69435
65202
56007
82020
19780
21821
34108
94645
437
55596
98099
60647
50035
72100
23064
16525
95464
19574
96816
84260
35936
49392
5481
74866
17073
76394
68013
69453
85501
43563
46106
54935
25117
2112
36955
44896
40284
87414
55892
40721
43009
53991
1367
9396
42442
24431
25920
37905
60356
22736
38516
96292
88479
60348
87509
5551
36742
55521
91355
38594
15436
37460
93529
40552
55923
46835
85447
96206
34248
41339
53278
93608
11681
54645
19355
54122
95427
45275
8378
55782
84362
46893
68425
72840
7241
55934
94742
60334
11454
2448
98927
26889
39907
8807
83792
12181
71993
85591
8386
22592
43281
78016
16200
54961
32660
35554
9082
44438
97180
17459
219
97893
80703
68644
87084
4295
24577
81825
64628
52382
84272
79907
95623
40530
88713
95766
52710
60706
81356
77448
83297
24636
55463
15848
79596
88122
67754
5029
48911
81285
38839
49129
79178
19542
34124
66261
40188
58700
64438
4816
27434
65061
84722
39408
5591
89786
35173
58300
66843
16529
52099
66492
41164
7561
98691
37112
12034
66444
42140
60944
64081
97331
10073
43258
33224
44196
25870
73411
19248
90307
94578
63033
55368
79299
2440
60958
85437
53964
35609
52279
70492
87708
18770
28008
95268
17461
65119
23654
256
23610
84597
64336
20940
11021
7593
70515
71569
33463
43926
7168
40121
38503
70200
95488
34154
88991
72797
19590
42954
8406
88220
29798
12465
6990
57805
24084
40802
39275
47737
41057
79236
32334
21745
16528
43354
45689
87042
31274
95503
47319
38441
35624
85822
8640
47463
36327
13982
20260
55916
73288
45017
60487
3085
57481
67476
77241
81564
24629
16515
29301
82038
95750
77986
3782
28629
37691
49470
15671
68965
61325
62989
23757
96948
65162
48749
44410
1488
62730
81021
73755
36017
26037
34242
39101
99869
18069
32693
97785
42698
49207
27085
41087
61309
21422
44868
89937
75464
10689
5607
44428
72013
84948
68185
68960
50109
16933
29722
67949
96014
10742
41703
32031
53131
92296
87483
69351
10365
20176
67135
69414
85734
10571
10500
47042
31992
55367
53331
7456
82407
75289
68235
54420
60236
52771
39731
26697
69703
85804
10997
82069
12898
52699
30451
82380
61347
34285
51730
71711
70812
18865
57476
56546
29435
67975
19939
61427
39693
73269
85234
22099
64910
69820
92870
41497
22591
48953
84545
8645
34756
95541
90713
64005
64592
21163
46384
25938
55448
98114
14000
26259
16978
71475
99156
46412
39449
35447
24190
79141
25067
25775
17591
89976
95595
10461
31473
18185
75765
16017
26829
10520
27910
33894
90877
92501
71408
37260
18438
26855
51725
32437
69466
68702
3911
84973
31466
43359
20419
72007
38851
45486
14134
56441
51813
9728
83253
83285
44264
59017
15654
87444
85889
43563
21337
76765
52415
92745
30376
70852
35951
82101
19640
21768
67154
23550
23093
14971
83260
43511
3330
38462
5348
17463
11254
57161
43542
10859
56797
87805
69875
88802
75248
72115
48716
12937
65231
1130
22033
95607
88333
57983
94059
7972
96103
77564
47873
19195
92535
47484
79057
12216
85945
84405
29678
13551
57917
73219
24409
31065
77375
94283
19867
52622
82750
84934
81910
47980
86064
3942
59938
74396
61925
70348
98720
74379
47912
46592
93573
56798
94076
72629
69013
96372
57033
98690
9922
31301
88260
34330
62366
65634
44965
98584
34607
27714
99869
16517
92045
85932
36810
68335
76680
15086
38682
91751
89464
86593
54694
83036
59742
65121
55665
28754
61493
29049
43795
87766
76702
32054
38448
55419
14039
83412
54002
48646
27477
53870
81514
35873
56154
18323
4207
49185
33409
42889
40935
22872
45833
95628
22260
5575
77101
94276
50680
38593
23324
94475
42710
16377
42880
81157
71795
56919
80920
25796
21916
8396
96018
19781
44269
68523
54455
64827
17707
4215
7715
74993
43439
53548
86972
65698
75474
64072
59973
26153
19016
99648
36979
61726
16025
79859
59234
87819
53129
40154
29967
91396
64901
25984
27528
25521
10858
81982
90348
28564
86197
14414
19908
45987
67961
6879
11684
59786
87303
88008
85939
22670
87655
39269
747
20031
19127
59981
7850
88607
16486
54168
96354
97738
80151
23881
23259
91008
22215
29958
35923
24763
44371
72182
70749
28684
95412
98784
88469
82714
86791
90759
5384
90797
30028
6130
10828
65506
82462
35029
70465
98947
89196
66818
96685
85698
7051
36295
93057
29265
82604
45331
54027
26974
17512
41127
55657
12923
39910
60478
11989
26700
51236
33724
33848
97615
56205
61027
63121
38667
96055
49937
53965
1602
16754
67001
3651
23804
19647
13059
69420
2250
58389
23446
29224
92252
80924
1232
5175
20833
61709
33515
63884
29297
67238
97732
26911
23442
58758
6383
78460
71165
56319
32425
89118
89425
15777
92769
29580
35424
5827
99000
37673
80568
38797
83248
72819
19721
832
94345
40553
62540
27859
20789
8188
95096
18520
51451
34890
93629
57833
13349
81145
30504
45773
70263
36280
77902
79383
65859
13325
85209
81210
67349
82128
20007
66949
71299
39727
67780
65643
96631
46671
93502
17419
54859
4949
52290
6309
39838
45919
80493
69539
27063
27348
31663
13677
63627
9564
93059
45838
39240
94620
27047
22941
76747
47053
89889
48045
3131
57668
30040
16114
4338
39893
33532
75548
44841
2174
98208
1031
48092
78701
70569
91506
22400
2231
21535
86027
28147
14593
31864
67386
9212
75262
90326
2311
22315
80214
66707
41797
54233
96746
57910
74923
36638
7794
66822
97831
9967
65030
98861
74410
60082
85781
82267
82481
4363
3801
84859
32509
18394
33074
99895
43957
8336
6572
46267
47002
3138
12974
88798
57370
26071
63060
48644
62709
70853
15466
60539
80819
80495
75751
71580
40576
77883
53846
23056
82245
73999
7915
31106
8744
57340
47352
52700
65675
53923
15319
12676
57060
44644
17826
30782
87066
80885
79425
49774
51737
94890
26664
48907
75384
18766
36838
32311
96648
7035
71719
95245
81033
95985
26350
89776
53324
90053
58828
18999
43975
90498
48026
17387
51493
65851
48168
38558
46735
27592
4684
14823
38834
31347
80081
30569
50113
16918
62880
63112
23953
50950
58356
21337
46934
1057
11113
257
91109
86292
35607
51436
76789
99985
68822
44633
65835
33341
83190
28922
77284
87873
60096
16117
35572
40177
63038
2036
73446
42269
65147
13750
93218
39855
35087
40151
40911
62551
56759
48372
65194
8718
99807
58334
8702
84980
2966
90888
18320
2507
19809
95603
90380
79905
28072
42303
36433
91109
44338
26230
33377
9484
39980
26594
65690
91418
83096
22953
53968
56206
71324
19161
81275
87482
77494
89976
72461
96811
80864
90780
99317
17024
2734
6048
13280
30805
48350
49712
38265
92687
75942
71641
18523
32273
14586
564
23690
97681
23516
94009
70239
94839
29521
51513
98672
7014
57841
71132
20176
55056
78263
19492
72079
97349
25540
1711
28153
90241
51422
66418
82928
43715
54410
17802
75987
68996
18365
16028
83028
58233
10036
69618
53071
39556
21131
68095
62921
95323
39226
83096
50378
33841
2588
38808
31189
44479
40518
75693
34719
8292
58462
33998
52006
12872
68151
44345
98219
86516
60372
97598
61100
86760
67216
30522
26315
4698
98616
5588
20
37842
88683
66749
88034
7622
5556
19222
52100
46074
11266
3171
54365
69728
37168
22722
98951
5319
67066
97169
8186
43790
11118
69285
46901
78333
99806
73215
83030
98422
95154
99401
52615
83837
66149
40648
7810
71705
76221
59910
34130
87486
63080
4846
73565
16599
27567
72515
21917
10985
86035
46454
71126
97153
15738
18026
75485
31896
7592
74867
30317
2746
74267
99283
2934
56768
39930
10743
28472
32502
87004
78953
36339
66435
83798
9904
83034
27716
82418
21302
55052
68453
67756
26177
81957
83493
44202
73793
15388
68146
48659
62056
70891
39278
61338
73824
12397
17619
918
57220
66472
87922
36172
2811
54356
36321
12714
37389
64036
95131
58691
19088
79935
26446
61616
78243
26290
22170
52036
58030
90315
17046
36437
61205
72675
97775
51380
85071
31745
52297
42290
98217
40218
94813
1027
10926
31133
30092
48314
95169
25222
23356
14256
21509
66153
75871
16103
92443
98040
68138
66824
4706
1536
3260
82262
74210
17386
33641
75633
65483
2290
34274
63699
58859
29087
81077
69784
60219
11168
34450
55387
52741
57805
85994
90601
23958
78217
6704
32752
92608
91193
99575
97314
9080
19186
79575
83290
52924
29568
75274
18406
31857
9547
98456
7067
38633
95884
76851
98852
23403
11300
54238
76143
85456
56584
83096
9413
34800
6151
58516
43759
13695
58090
41072
22775
93628
36999
22416
62903
66566
97689
81308
14774
23587
96115
38192
62220
8350
15042
77423
31752
42693
48012
24246
28149
4595
23693
53913
55746
29843
12429
99505
59890
86870
56928
82664
80497
93926
21431
43399
76843
35471
41058
7968
59057
53524
46160
37628
61873
77553
15050
9976
20246
63062
34222
64746
84008
57914
18658
39754
4109
31086
55610
63998
17956
12537
63013
14804
6463
84443
74555
99657
19913
31964
7625
78969
1840
53784
16597
63712
47688
31646
73688
84285
11059
24261
49030
95067
98526
84040
34820
2634
15125
90429
82983
49432
19317
45995
80588
25779
30437
71494
41788
50349
3457
49412
45670
5296
19547
62266
85360
67234
10263
75399
51519
37674
16011
16900
32740
14536
939
83911
33522
32416
90691
16504
98199
10007
62499
78786
52138
92935
50279
93925
59636
70088
43336
5305
91735
79234
83922
77094
62819
94184
68844
14337
48209
84854
47589
80948
15742
48527
81210
49263
80942
71900
65766
79141
81907
44616
74278
50396
53903
40909
44320
13538
10996
4007
18842
19082
83240
19115
12528
62410
29650
81371
76747
77859
82577
40687
58806
98318
89213
40016
63932
86507
28267
29697
65647
10173
74313
56276
76920
28215
97184
21239
58104
8179
41597
93297
27261
41188
12411
39788
3598
42060
37510
96696
19918
20086
37382
95076
34755
26594
51443
98686
13100
79709
44735
95098
6234
35399
51374
83153
79965
48557
20744
38068
73088
62340
31364
16700
3528
60126
72839
7125
2185
26700
3820
22103
46786
41201
33530
97892
67794
84972
96578
97246
64680
57664
92343
87265
93062
60068
70418
73026
24977
91161
27445
14416
53500
75160
31115
57027
35285
20305
80503
37469
47004
84322
75923
10141
25522
9452
8033
9668
10775
20962
6913
91807
78625
15607
79071
88038
92027
49488
77415
17003
40648
4859
47770
10500
96370
78884
83878
31654
15540
64381
85474
62543
48702
61397
72684
90576
87200
97068
243
97975
18029
23507
6133
13005
55465
85203
17394
47491
34691
94808
80845
91690
16018
28614
18541
12387
23849
2419
44040
39388
66799
29513
1931
31852
7261
90966
22427
10813
88033
22669
25139
6061
62527
31271
35417
17992
16473
52810
81834
67515
47617
62679
59205
79986
7644
77745
92372
31493
80163
52763
70880
63313
82275
89162
95165
5888
80127
17591
16700
68159
56612
41838
90571
19138
89460
25987
37129
5932
95148
18963
73447
42764
97993
49003
22749
5636
26747
31472
53480
23262
84234
24360
86574
82861
29873
98090
5100
10000
15681
21799
94510
88644
79988
85081
7781
69447
27419
61262
91730
22567
96576
81528
81682
10920
30530
20783
32907
73629
52254
86387
96890
52840
10746
99815
35700
56970
14257
40799
66969
46289
78949
61479
34932
75288
62911
59064
61086
6681
36677
69167
29247
49604
50695
27281
60523
81224
64415
93430
71204
33020
79816
84445
85859
6913
612
37910
63882
14868
95060
47203
61156
74008
25033
12439
65647
87943
87854
26732
10975
24531
95899
56574
90486
62945
83854
51009
44168
48268
60790
31724
81287
56957
16168
83498
80221
16779
21407
44102
31646
16467
7656
9153
6826
32688
37943
72473
36982
25797
15556
47957
66679
27806
4530
57164
90750
88383
8172
51270
53002
85313
82993
50640
42269
15512
34137
22489
32291
55544
82943
80288
88362
90598
5793
11539
23286
43735
363
60267
69531
15919
24575
36209
60076
29104
9725
50826
33838
17896
18447
3191
19561
17791
53831
61829
33302
87967
670
65592
59862
83612
62232
64575
90561
68024
76114
13846
11758
76476
90465
97641
8746
31391
50201
68822
60495
59925
35999
10684
94173
54445
13875
30085
72235
84057
91913
5536
72023
8934
87480
48237
8897
49711
29163
99458
34086
5276
29655
62195
81752
36471
76187
90497
67862
26388
75670
44708
2664
11668
55391
13188
66112
85617
43272
54698
69673
51537
76586
58048
76822
64065
22636
85719
30127
51798
1528
80564
57074
31182
42758
55177
84005
18945
62025
68218
61684
37695
12925
80699
49362
84667
10239
31826
86636
69862
86523
56308
21398
63108
14355
14572
43524
36990
290
90002
5140
18169
70565
62213
65702
29675
17389
49706
64971
95765
17923
26654
33459
47199
23704
99173
48218
33942
30998
34853
3804
33872
91160
41553
13332
21867
56124
73207
75208
72765
63209
80347
90933
50125
58911
56635
96151
92651
22692
61121
88416
56967
4126
21874
4165
27830
21046
68734
61771
68395
3586
81926
2267
11098
39831
15598
49316
95954
88804
24523
85071
68364
21222
92355
34841
80132
65341
30991
72783
88033
92112
61198
61351
96237
99423
81867
24066
36821
50601
2189
5215
54186
466
7481
81635
40296
39430
30950
52602
44586
55473
54024
29301
93046
46378
64141
89529
11719
95132
62311
16103
3595
39860
77453
99831
55635
59319
40249
92455
9919
58789
97669
80457
59254
21502
62091
15902
77283
93041
68503
21868
64865
22526
51169
74262
85255
31661
63790
13325
26792
42453
29427
30386
82312
23231
46569
37946
82550
3169
46752
8820
61957
44421
5628
37562
82274
67719
53463
75908
77111
38317
97776
58327
77194
65296
32588
78801
13308
96377
92125
40100
38829
21552
86837
37493
44782
49757
91790
43683
52925
38542
68855
14881
99314
74482
68795
97939
58552
38609
73846
52014
93278
87973
10340
70471
69620
59279
65623
82928
72008
57748
23027
27188
95651
26215
81032
40432
75972
72822
467
45248
27715
69321
60129
27028
43802
45275
24966
18706
83883
98811
70719
77160
3136
97411
63983
72755
56689
29605
55682
45048
3704
95060
72236
99354
21275
69619
56138
13598
42440
56604
58845
70154
42276
35325
13533
2429
96951
54850
21134
80834
70013
8205
74345
73148
5615
54679
45902
78655
636
17936
23703
4339
12995
12290
20045
50621
81908
76182
80570
40700
49137
39415
10853
7764
91091
40738
10192
88042
11939
47678
85227
81951
55882
75923
71450
77848
30602
17352
56502
31237
35287
80204
51927
64633
8845
71971
15254
90753
64504
95823
31452
29992
51589
58656
37755
59032
99393
64299
63425
11332
11976
48651
9634
84209
24573
81084
62056
71526
14787
18557
19114
66425
15113
71041
31057
23957
59363
46310
14709
23867
58485
62512
53858
26425
21168
7965
85456
36912
72263
48880
64595
84238
13882
74229
68446
54807
71664
46853
26332
86450
65409
61798
52874
80521
32838
83930
4478
8552
46592
35538
32418
21428
98050
2628
47852
35569
10592
49660
72480
82854
98539
53427
83443
28773
44007
68240
83579
15670
15092
26262
2119
80500
4411
71344
77373
53600
55273
98202
62152
18216
50091
10921
39643
48140
29900
3847
60
40491
53506
88892
39696
68396
42318
39490
97168
86324
7729
97098
1993
39172
39712
20463
36024
44122
91806
13396
97722
63430
27949
59873
81646
78039
87145
37640
42531
17045
41486
42590
57535
94991
31481
13583
63387
73798
53072
76906
76473
77153
74004
78465
16324
13715
15279
68699
74188
23436
82094
71909
86866
26394
48133
68511
4433
35278
22502
63315
52322
63988
5904
26208
75330
53737
56142
55068
27534
9214
31974
20359
2718
5977
15175
35393
36043
30454
4092
10230
53889
2537
98491
40754
28931
46623
25616
49715
81900
64470
13029
50573
28457
35284
76781
20138
89020
32922
75206
32906
58487
7179
53264
61204
29507
68438
12949
81901
15243
17040
92130
69132
35928
90620
26237
81210
53595
68205
30924
35494
32674
60304
86067
77482
95588
79199
97619
84607
12120
89176
17512
86959
96354
70775
64514
25860
55565
77462
24112
70807
10853
16242
56290
46781
23213
82527
44342
76807
67083
75266
28653
16108
35569
31071
9941
47508
10269
7559
32115
38740
96735
49626
25698
9440
36753
90212
51652
92317
67673
75763
79475
94878
8356
35765
58010
31569
18291
2351
24727
1725
93968
53379
17832
45889
84449
27772
93396
11069
51682
25510
49809
64768
91488
75506
90560
28240
65717
42211
36908
49742
34325
16382
60971
42681
52146
18980
74249
86788
21330
15327
88512
31650
68706
22695
77538
69506
66818
70933
80575
34852
96443
30383
15971
4282
22240
6530
32521
4309
65092
85780
70402
99417
2161
31372
42097
70659
50351
32697
57446
88032
48023
62310
36033
16728
1356
13570
2586
84526
84503
83160
19377
97297
29894
51699
1578
68485
58229
50450
72793
23320
36229
43194
39088
54741
74565
81184
41751
41267
13880
15549
45651
61903
94210
81683
94982
95565
95253
13919
96442
96107
13430
32170
9755
43323
83869
11332
28160
58449
78133
952
98120
30713
60498
37208
85453
51414
18391
43556
9033
32271
59104
54683
10525
53313
52717
21858
65229
64321
35777
61671
76779
49206
93840
86533
8881
77708
97864
37040
52508
92348
54343
50628
23060
14840
87835
24865
66254
6225
68420
91638
54847
27523
46320
81723
80835
15388
3581
46063
96061
55709
24085
72839
4914
17925
59372
30146
11984
73587
67185
64492
65935
21528
15119
88994
52719
19305
13858
35324
25529
82277
26961
96728
26151
89632
94802
6985
5020
98382
69400
1080
70442
9836
90270
75356
27760
49641
5501
56096
39580
89038
36939
5514
26917
68409
10859
79635
87713
41069
14959
29593
39697
41919
26320
65848
47903
37474
89184
69274
35855
58583
86705
6297
84771
76974
98004
12530
26615
19856
84977
66194
8893
21915
88059
35809
6675
15269
31796
94387
56337
63106
40332
96034
5024
83003
61881
69278
20476
51064
38551
56331
25999
25255
78979
10769
2229
93334
39650
45195
13189
40979
27740
38434
79245
15798
90594
85920
47418
38741
96658
3755
1846
36989
99788
23222
19992
78020
92499
40467
45435
31050
13149
87785
72656
8479
14905
74884
18164
70907
20078
47705
11885
64169
2490
91129
96318
93083
93400
43736
48176
6410
47490
50021
43398
63629
73242
79741
58000
65741
36560
3434
13142
66060
7571
85797
90891
22475
77033
9054
93381
13462
56758
5265
77631
75599
12746
73948
68682
22497
34035
16857
28906
97876
83229
88656
61504
56471
68396
35855
38563
21307
55641
68056
87367
63211
53852
94609
85685
47236
3662
95418
60698
76772
17034
54680
52370
46131
44979
37403
68628
79014
70611
97533
76889
70192
2540
54745
26662
70936
90599
81576
8594
46239
49631
95960
25801
19834
90568
27838
67070
10582
23255
44119
3705
40288
98798
72426
2771
43776
26181
71398
22789
13143
85282
16030
83334
87822
70774
9995
75109
77724
7922
83702
40315
57552
96014
82467
77386
2933
10304
44455
13514
33558
4925
33570
90198
3722
5996
9320
47497
48528
80717
86638
61670
82350
19019
45004
86523
6144
71350
61631
219
79272
61685
40533
36823
57698
23000
30560
60630
49655
91366
90496
99565
96290
24065
6114
11
46412
15433
63860
94939
12501
66849
56609
94850
85867
17964
81373
92010
89313
59355
8580
84936
21039
49113
21759
78736
88464
52318
39366
38118
43684
29861
54034
56325
70277
60147
56336
16689
75579
36547
27979
88079
3395
939
99281
89261
18902
80653
97622
24567
40007
6201
9502
61046
71665
31260
39781
76480
99930
95498
30950
59965
41710
84983
16289
11987
45130
88976
45027
20708
25522
73005
25139
28916
90296
24419
34528
9197
21423
48501
33763
61429
71054
43265
38826
42718
90876
94959
35550
90805
90456
66499
67121
48518
51481
83410
60504
96610
88737
21882
33670
14259
11238
75160
59526
1533
15930
10406
10730
37352
58906
60844
98780
29959
4108
37606
89029
94984
32564
24578
2140
39371
7428
69261
87888
58908
69022
64743
71870
74110
86624
21891
4720
14214
13402
64246
15746
29331
74651
42827
66682
49908
20023
81813
96219
24130
35770
1599
35465
68333
42528
53957
24056
49955
39569
11943
25214
24942
93038
97083
99051
96013
35325
20123
10226
48726
84368
42324
94408
75370
1502
61089
41629
21524
42902
37847
62006
78671
39445
97470
63356
81972
67778
3763
48278
23698
32057
73492
48639
25094
86926
64042
21107
38603
84164
47684
3680
84883
90007
98088
76604
91509
59176
18232
13032
18429
72431
75037
13452
11875
88859
93159
10199
72988
96921
74828
96686
28977
48319
61676
54071
51597
25717
91529
90199
26232
39212
93878
27466
45571
91965
4069
37079
67493
38653
66462
2273
11083
57851
15724
39309
46709
8882
65859
19696
5802
40687
16381
51131
5357
94409
5201
56953
20125
13081
47151
62709
68644
57381
90174
14214
65697
94243
67644
33189
32895
34106
51814
43977
91956
67537
99637
55016
92771
65496
91063
14924
6182
23796
66054
11538
18204
87606
68491
54680
686
31993
17388
69330
89373
7562
99895
71422
18156
83891
20962
51050
34348
72775
11378
42655
56664
11014
97670
49434
76509
88732
64357
99042
28879
30411
10580
47082
18016
95422
1762
35054
43766
19149
20735
49491
43062
20629
20912
61217
20871
41873
12266
55218
14648
39995
97872
71311
67361
95541
37096
60221
625
1452
59263
45855
48214
86194
92937
82582
81615
11050
17635
41732
46550
38369
91222
89612
75349
12133
50828
96220
54006
79446
51437
85005
35792
65661
72667
3152
77553
9762
63373
78177
27565
38987
40384
92131
41532
33320
74712
39498
60721
8698
81229
7270
47066
72451
96881
38766
84583
47709
51337
54940
43506
19126
39944
79297
84786
28962
82449
62338
55075
62173
56867
98992
17511
97250
91122
59042
46921
82185
98539
7641
90882
79767
14910
54299
52217
28143
93064
53152
75851
60753
8091
35708
79878
48035
15004
81015
93348
13804
43352
48423
75976
16570
47414
9838
30171
38535
68879
77091
37071
83769
1083
27952
63536
15993
82250
32104
44135
91665
85255
36337
52417
93346
72044
48646
57732
3399
29660
51079
17203
89364
99501
9530
5933
63266
19368
36104
18152
4598
29546
55222
88367
30629
83173
68254
46621
81774
357
7107
73439
1964
59795
42207
95309
48190
90853
69392
51588
36864
20470
85142
26227
36323
94672
48512
99588
30391
967
34092
34988
30512
89313
39706
61140
88838
7959
24112
70611
24668
47570
60401
26631
23716
18960
38291
71905
26164
24034
39845
63027
44503
41338
5606
97177
36009
70469
13117
82751
71435
47208
34091
1946
52872
73796
79438
41709
98107
19901
28672
39126
67471
89072
82108
7538
24383
20398
79443
50546
44431
35639
29925
5285
76976
51882
18814
29337
22350
31930
12087
93784
95489
46177
12081
48360
36325
91518
90069
50783
27771
35092
89908
11593
24163
88367
19130
64898
8764
98572
15443
69546
50562
61719
91182
27538
13600
26347
56874
52301
58276
85312
46084
70116
47841
74517
18476
517
82386
24896
51299
10156
59987
57558
21748
501
45924
40878
65398
71039
55801
97193
56936
6363
75263
64469
50252
5215
90816
23477
57515
65443
8788
3599
35559
72980
78115
70386
73496
76852
95281
41146
87008
71619
15055
8755
72119
77330
65984
53869
48368
21785
67413
21655
28147
42675
86124
94750
47889
93291
18226
5404
58733
27013
25354
10643
16345
19820
81028
89840
96671
92660
47338
30
80630
62392
25137
52749
39722
91120
22969
4441
12904
6733
26096
57402
49407
28571
52151
13648
21861
70376
19051
96945
13741
60756
7588
30085
96927
88615
36276
93597
97627
83613
93627
78256
62357
18763
47356
18430
26234
86676
22870
55490
93408
65317
12891
42815
93887
81394
72814
32099
68121
91864
29044
98213
68971
36631
28297
65897
41597
80925
75845
55575
64537
85823
50183
43245
20937
97538
61674
47171
84214
84544
2660
77621
66212
31902
36787
60099
29647
9600
8549
14120
17815
37592
12332
3137
90574
56981
69033
48523
37905
61230
20449
2441
47052
70631
62038
67989
68169
23711
15159
68734
24606
34170
62706
90818
82423
15845
67268
12070
25444
75816
42541
59611
29760
54872
62747
36685
11852
48132
1559
49756
9361
22008
68549
56412
8990
30586
40752
77158
70648
72262
62243
95254
6431
41301
86071
5206
57145
53338
33627
98940
45505
76167
58550
91616
31038
37649
28301
42890
85780
29859
8997
11492
68218
93897
67903
77208
40834
25007
70717
11482
97268
49312
6735
20051
90612
92805
25256
47756
62494
58882
46695
24350
35048
21597
15966
66085
59245
44266
25326
61376
90476
50675
72867
75046
44571
57121
68605
1757
82127
39321
13238
79395
4984
19972
99445
95595
29128
41052
59702
7973
99933
22749
32322
34980
44345
48287
17416
3589
8904
59094
81316
15732
26120
54182
90777
87042
27654
59381
88798
9781
15053
2035
5527
20037
38358
21323
31983
67485
62374
91685
91809
78658
14433
24131
29989
58777
88769
63756
78717
97673
22849
60032
13404
65320
30565
4180
52362
58218
79912
57511
84350
94964
75898
6228
31352
14255
27550
63335
98092
6275
71371
89900
84932
85803
30382
14920
60931
19151
78676
55999
16823
17876
32382
46578
99548
62946
50757
68261
37515
47020
25771
38217
58335
18020
44444
89687
32275
88346
53021
46718
10972
24391
52969
12256
26545
83351
27175
87475
2501
22202
43473
35675
56430
75854
82252
72329
55151
49360
40589
9017
96379
66359
47233
54713
731
8029
60751
33005
12726
30123
96074
23697
54513
49042
35952
97409
32392
79479
1235
34892
18032
61059
86918
90813
36912
69169
63141
8414
34880
3729
33783
47610
86440
81015
2323
87170
5395
79425
36526
18120
9548
32599
58169
80412
81640
10472
77821
30384
6302
79055
81627
40686
40114
68545
31498
93377
54065
10991
18143
88945
14719
51925
36554
17510
49291
55228
21031
54686
34653
73908
89157
60552
6506
63677
40963
4498
74149
18783
34881
96802
14190
16507
37487
70655
1403
68985
80383
55468
79975
98525
60764
11045
50449
97317
44907
16092
68897
82289
70777
19901
56197
76285
80452
79054
56314
21414
99903
46814
56549
51135
43615
87090
83994
81102
57744
85396
66438
38126
57215
62764
53003
17978
90160
19803
15295
51418
35894
543
33707
23022
36795
6255
99307
17246
1660
55620
55011
17915
2433
27911
69049
62399
15000
69394
43500
89095
54790
26289
43573
12004
89052
96575
29982
95564
32729
61628
46981
68623
78522
97039
91644
15316
19645
7302
48913
21305
79273
3923
55571
81705
48186
40971
60456
63185
10365
3955
68632
81506
46596
28556
93509
35647
41482
39842
31210
74210
17821
94543
42832
96342
91581
50828
28009
11226
58129
76921
48882
37402
80844
20804
35458
29029
61774
95913
8565
72138
16220
93548
53643
62815
22103
63504
14813
63584
19697
62375
37794
37518
56917
96977
50211
48497
47804
94572
76074
22285
71492
41307
59686
68687
62110
11495
14067
23884
7408
22632
12373
39979
32531
66016
19145
54634
45871
33957
18217
65567
96331
72362
19436
53247
69339
85999
18096
33494
80570
10521
55778
52061
51828
15463
37100
13937
43310
51166
54172
67069
90149
66545
7047
22680
48912
26191
93665
94782
60147
28233
76700
72830
595
12488
26076
86285
98486
60523
19778
95407
71044
75556
63819
22871
7370
918
53159
67031
52084
7331
34099
42232
73875
41145
81263
22786
83687
74927
33919
60186
3160
26970
33015
3754
39457
75442
6390
54294
35965
26167
49700
7008
18074
13519
46230
41796
14436
15740
8826
66519
23070
42925
25103
13296
421
6365
52433
84108
97644
86351
44293
803
29673
93659
20908
69129
69100
27297
23423
21416
53463
89474
44775
87889
2992
91004
29684
33780
6744
38509
16650
46165
97785
41752
59461
98206
64469
11893
82313
62112
14596
42957
79266
44268
36615
173
29748
22066
27469
53170
43482
97283
58996
88256
85171
61987
95612
14854
12118
2355
69715
28768
64871
67499
86871
24331
82056
67691
52576
80720
46154
67171
23676
25419
27790
76642
25591
57537
15060
69411
27059
58541
66694
86054
63148
51864
64392
58759
83070
92862
77465
69136
21629
42336
52986
24851
83018
35042
92542
35593
15761
55047
19115
55789
80466
63256
48782
22408
20793
63841
8171
64203
38733
74864
50256
1881
43079
30999
60639
42500
23860
38104
11635
61840
80439
80973
86691
79808
16014
95584
15401
48126
50630
50867
3914
47447
14123
52696
86207
34915
32888
94377
15469
71621
85592
65724
73501
28670
13074
34139
87522
36934
88594
99156
98773
85384
96480
1815
65192
12493
97398
96944
60619
64380
47810
80884
11826
61932
49931
14384
13198
82819
8760
28666
54439
94351
10741
27939
39373
23815
78429
26894
77100
67023
42401
75872
52406
38881
77687
17597
51373
91436
14540
28343
55815
78702
25579
83993
40633
75509
98376
70183
58327
23488
15200
12765
17838
42293
57055
57210
66107
35484
455
43206
18858
42856
35429
71263
81736
29467
5212
49460
20903
19751
94155
76717
14804
19733
60709
71789
95241
75437
41971
69920
98924
73522
99036
33113
15814
56091
90323
98272
7926
7129
57829
26783
49984
93258
98045
48071
39076
19608
97531
59978
39359
8037
53047
70514
27769
30107
42302
39361
5543
84272
9280
4466
74146
24668
53931
89959
80758
60605
4583
88683
67733
62411
31817
17717
72020
46213
65787
11096
65821
79669
87425
21531
87705
40471
92044
15473
70578
34346
71186
92472
34969
96817
96938
9114
21484
50868
15425
2241
11472
20007
7275
95556
98769
55443
13272
87141
1656
95411
98236
67476
75079
2012
89006
62784
42483
81049
94608
13060
15394
65793
21883
50363
78962
18820
75828
445
86039
91252
19038
13862
27610
42664
9418
26379
98107
39041
13519
99762
34451
28106
67237
25882
30117
72594
88665
72599
53642
99624
2010
85388
81769
23893
52102
60730
59064
44281
61174
61455
35533
96563
91668
79494
39227
17437
5872
37333
72830
35742
53446
23632
63847
20682
49513
93964
9627
54529
82914
79620
54153
1276
81359
35921
41520
33460
13002
16935
94093
74175
78389
45977
70738
86409
25470
9964
20197
31342
63648
93026
67083
17093
16658
47282
54126
66170
41245
63752
37051
40510
43371
91203
41785
24730
43475
99656
74541
56476
16591
84985
47002
11331
30961
17739
97739
56431
44054
17936
87772
24053
27313
71206
41145
43970
18487
95270
26492
76083
75373
63542
16593
35096
71096
74729
59825
14570
74385
50717
87397
90975
35702
34398
2305
66662
52137
16396
23092
12542
50683
27215
36595
77995
98421
94091
38317
16907
5713
64808
92990
81085
44701
25934
16180
15796
662
92356
46717
75046
59425
34113
82372
95126
68510
1029
78139
36998
17424
17583
65892
84458
44797
18838
62452
59569
12928
17120
92828
18640
98279
2169
16077
42979
28102
32256
75126
45115
40964
38194
36513
388
88658
18884
11865
57168
36264
6355
10517
70039
23937
76408
54496
85086
11597
33300
61006
24525
50419
53833
59516
65050
56001
75592
24380
454
24200
15858
45569
65163
54051
98433
81902
42709
33668
93766
16228
69932
16472
26744
39970
40409
19504
10818
41846
31100
60469
2851
71976
27239
73036
47844
92288
45388
23435
16668
45842
63986
32525
7762
45500
2927
6194
27401
45635
39861
37518
61862
26144
53990
4958
82466
10750
40813
93283
52595
88264
53751
71797
76592
97341
44832
24435
89629
90220
64221
6296
52413
28207
55172
60174
90058
58098
82719
17459
20085
38931
71328
98298
65075
25317
3255
47540
36066
44067
57174
5012
48683
27276
76809
25274
24616
37992
49708
30596
28211
13928
53243
96975
58486
8414
57148
48544
82864
56218
82354
2948
95149
53681
1245
76575
95350
20852
40466
47767
81270
13991
69131
29952
41266
62291
55225
82233
282
21284
12829
44845
51564
66071
41819
26401
90837
15319
91296
90052
71536
73649
92999
83036
43682
10595
75962
55383
31446
16427
3149
29068
30417
72279
59019
88034
34569
30596
86619
51203
68231
99447
96047
36146
81869
54217
62547
89057
69535
53842
79108
57423
43843
88458
56810
3876
99053
32772
59258
46850
49198
78758
92269
95967
51037
67640
84000
1957
14587
86970
53159
82817
2768
65557
18963
989
19774
97861
90045
5660
51702
69153
63082
11896
73962
19892
15771
89366
52663
91380
36216
18212
70138
44836
14178
37526
12475
14530
39482
27061
17851
8993
9878
20619
74549
45192
21607
94322
43052
11651
16334
11105
97155
79415
39353
87469
15658
71475
76834
84672
62855
13049
19236
49344
57885
49765
86869
86711
64294
26350
13772
98497
51694
40001
19115
26243
85192
40721
36916
44595
68723
53249
55699
82230
49016
95051
69698
64673
66526
46531
65697
45732
75932
84932
95075
50168
34696
81943
36878
15342
24644
50649
13838
76338
90649
32952
18932
92192
90024
55847
36786
75098
25448
92485
57327
74463
3887
43376
39135
86764
89907
21183
32495
65838
6114
43921
32357
40810
25863
69234
72503
66859
36235
86340
59548
43235
35643
94831
35427
25666
50677
72212
17115
92476
81048
74442
66938
84935
17817
22425
71698
24075
43607
20545
6264
49721
64465
38620
6882
6680
24206
79384
73538
60440
65723
49437
3674
17717
44267
55452
43382
11295
27664
76848
3771
8711
51289
87060
9997
85458
9484
81695
9532
53091
2239
32148
19163
66703
70767
26044
73382
11324
21779
63271
71763
3853
29059
91789
21569
89677
47240
81302
972
91255
58149
21094
99966
25790
24505
9962
11247
33989
8008
37130
3431
26598
69277
22593
93301
56396
64988
83034
67719
86766
62657
55834
90618
8067
63974
12186
97744
11213
9839
15067
18820
67987
52512
35137
93776
77016
61450
21374
11004
69458
58504
30786
96055
44132
53378
5707
527
34717
5093
84598
37834
84101
40431
28451
92167
4404
56988
89910
31968
83178
21328
50787
51165
73839
85923
44940
67207
47373
66314
78210
33182
41169
8996
29236
85300
78725
51295
2179
29794
56387
86776
67627
56839
27206
12430
49005
47961
69417
55267
79928
68947
92946
47067
20111
83137
32989
81402
50343
96713
64067
44904
29894
5235
70251
75482
90535
48976
43128
92713
78769
99514
95840
62747
72704
23045
75176
21708
71005
60945
93326
67284
29891
86272
14350
50001
69408
63691
31402
36102
60403
95469
81005
6649
17055
51256
98482
23941
16583
41609
33005
11703
57474
28844
74449
30177
68240
49625
68236
55596
10569
61562
22880
40459
64185
53581
90459
49944
17271
38212
86045
94026
50032
67049
674
67087
34656
15507
91027
51238
57115
40384
62940
14588
69227
37389
44764
37467
87013
12999
93062
13933
90912
32293
54391
71448
85874
61201
37743
3144
15764
23787
97169
82148
7188
14194
49234
41843
29700
56612
9433
3166
13347
72372
17753
82574
26112
62516
20040
29476
91867
29453
43408
99130
61746
14150
70578
47619
91702
24672
67114
7466
48459
64283
89613
71998
94828
55198
30192
40880
28161
39624
44045
41508
11996
61798
40433
38107
40665
76824
83935
48883
6276
27342
64365
84373
41492
51294
31991
49545
75965
99105
57010
24423
79739
62974
12772
90918
34523
42964
31797
79036
82587
92194
20543
10934
70343
77327
65393
27359
54150
49327
76242
60425
76668
56958
44798
34511
8251
93140
84056
84215
8596
57417
24990
4686
36743
37761
95604
71265
80724
43752
50300
79663
35945
87194
90596
22639
64520
55988
49998
18669
21666
42591
95446
14686
99548
56595
49196
7798
66086
49603
92012
74682
23372
17001
79367
60114
71114
91322
31378
51837
35074
98030
47851
87370
85223
38447
10009
66095
10786
76358
1115
32452
18948
96560
47137
34847
69506
12684
58996
35592
78639
51007
26625
2010
84360
22343
62123
55473
13665
9852
23661
48738
7881
71512
52459
9456
26310
62467
75550
37095
55176
93016
85898
90475
89576
49386
25321
75433
78422
84316
27376
73412
51675
54000
75421
52386
76343
53895
24210
6359
80098
64222
55096
87979
35733
7554
13786
78394
86373
5687
31841
57900
98702
17738
48375
4629
83476
90047
96414
61897
74363
23789
35308
42389
94141
27080
11126
86835
97326
35335
93193
77423
99556
64640
81753
51641
72193
95538
30034
74917
1224
61874
32817
16278
95964
81191
20906
79439
71237
33671
57687
61951
57460
9346
20691
51600
52777
31816
38434
50102
83502
47978
27524
99410
12617
9277
51050
1161
21166
81083
76078
38742
59309
25246
55019
55272
22788
92276
51062
10376
25947
8748
72327
99758
34445
9369
51357
87221
57537
6142
37322
41038
70471
81197
56799
83087
90473
7848
84247
11639
5283
76676
66732
64591
1921
21750
36214
24708
30377
87275
35084
72675
12374
23762
72432
46818
33130
40140
34038
7018
62633
87711
64408
33103
68907
21206
16189
75732
29054
16788
3722
50688
93463
70453
31630
95384
92202
67843
20091
38930
71469
71526
11605
83842
95287
84036
47011
44769
24176
97400
51786
86808
85110
32545
19911
70368
53751
52451
46099
99156
69238
49820
49843
62701
20272
81472
58084
28825
65666
94526
67755
37134
66052
79359
37327
77690
79746
84337
22458
3921
81736
90596
7081
83197
23140
26991
53564
76890
95793
16015
76045
65031
65834
42239
44083
2458
40062
18518
31282
22079
13043
15388
75564
95446
11098
12890
73136
90844
13578
95593
94764
11665
86188
18196
94861
25680
61538
64777
2569
57331
80791
94966
38713
62976
53556
82795
65433
9970
1312
13067
32048
14354
28454
23964
26152
39552
36853
99287
30395
66783
11231
41510
94799
13771
59706
89660
39450
21243
70788
58370
78573
51578
53335
17285
14553
23243
79
96338
33212
17742
9404
81611
32096
37857
5574
74599
93760
58779
73885
24154
25561
85115
65664
20359
98885
41721
26370
54686
62963
13509
13056
57888
81438
82742
91524
12343
5984
7955
8680
55547
25696
18083
37158
74143
72291
42731
48741
66051
17861
22625
6556
59773
24092
88571
96484
39328
30291
39205
94014
9606
52714
23421
67493
34151
6162
59016
46493
12146
66970
55172
84044
92666
89606
21201
66808
78249
80284
31901
44299
98144
54525
67206
57917
94968
55777
70752
34296
86067
9956
44661
95672
62669
68081
79516
96820
74242
54884
59664
2739
21853
31188
86783
30870
20793
24335
14030
15393
20970
45930
59691
19114
16806
26897
93382
11774
99025
64133
62421
85091
90440
23433
97115
53109
91513
92982
66280
82106
47865
25943
1197
86070
57130
4331
16939
94275
28665
47320
9667
49635
9601
85710
85100
26407
12606
94833
54532
27982
75317
33304
13072
65756
56736
26538
35216
64600
19520
1495
63057
83736
27438
80605
69805
84567
84935
3096
95193
29952
66767
4860
95938
76368
90569
97389
19126
19526
92221
90009
47507
83889
23312
76930
65996
96399
3468
1212
77350
39339
2706
40406
39426
46495
21011
25583
47414
22297
28678
42606
52248
11796
47465
48185
88163
54385
45573
7288
73910
54145
97296
21416
54385
36959
98346
20381
33357
18165
37944
27058
73855
57001
67464
13280
3496
4826
38862
67261
27122
83891
26218
79370
95687
73683
43906
201
44419
89479
23841
18329
59975
21136
39744
14360
74447
54441
51092
24155
88957
89035
51213
62811
