15626
33031
37672
36814
7465
38062
9915
15270
18095
791
22390
39001
36480
49142
45035
1167
45108
43140
32002
16858
2836
14715
28432
23544
6918
4777
30933
30935
23764
47737
40749
39389
47120
44772
26202
4584
49185
2468
36206
17279
3258
8595
6279
6089
24088
17666
7255
19195
27157
5608
36052
29992
36674
30835
19888
43591
35612
17172
24526
9375
14908
31626
48763
28379
42749
24964
32963
41933
43783
19168
25564
47040
44114
48194
19480
34553
15859
26734
3748
9367
48694
6151
5711
1719
36986
41950
11662
38949
9121
2539
48323
40380
34164
13437
18759
26912
38400
1721
35196
32182
37240
10759
45573
47705
8953
15052
32257
41163
8137
2356
530
23182
24859
6240
24901
28196
48189
36562
17144
7309
39100
31818
47688
39615
45254
16446
32878
5
34518
18073
48538
38109
28832
10462
2165
37784
25513
774
28946
1
19481
45827
23183
44339
2066
14435
38886
16606
17348
22381
23914
22799
4198
37954
12413
15803
20751
11642
15807
21621
29714
30696
9729
24897
41157
28246
12680
33021
29019
7978
33022
14851
3804
22556
9190
22222
36990
14427
38827
20689
36808
29093
43487
41005
17046
5899
6808
37796
17540
38966
9416
13605
19662
35497
38502
27170
30094
17533
10191
9112
41862
43212
40314
12018
32119
15855
34239
19108
30282
23065
39796
17089
2157
49634
24445
35554
5532
47604
39702
39423
2922
15469
3027
38935
965
7880
16104
31058
25413
26294
6521
33626
35857
46835
45643
17975
12689
29881
3434
9322
19298
9581
26410
37806
9214
17207
23360
31097
31162
13061
20519
34083
28529
39898
23017
45846
14129
39121
43255
5893
31766
16128
39519
17623
12962
35161
35597
42002
31394
39031
17676
691
48611
10437
38496
24177
27643
28207
5273
8805
41267
25792
9239
36148
32041
32256
31993
46169
37728
41599
2062
19493
7726
7932
37115
37039
43092
39064
45393
40837
44446
13068
41527
9408
23504
46375
33584
17499
24581
38857
42655
32200
31000
1893
18347
29392
500
16691
41912
38227
24641
10325
24072
32367
18256
27538
35757
27700
16601
31149
18536
27398
44216
26415
36806
34072
22789
36741
1570
13721
25597
44224
45920
22948
46116
30618
18691
46616
13660
10603
1194
38301
20927
25265
37019
5535
19155
22775
33234
2107
3924
18121
29505
14491
44535
32662
48562
33675
19402
131
47396
11351
44354
43315
34298
6822
40285
19341
19789
3944
29943
20982
8596
17221
12599
11966
39107
48105
34741
38692
211
5016
6813
46067
19506
17699
28728
34420
1374
48130
34550
48769
9480
45256
8435
10129
18429
48719
29469
38217
19015
25763
25550
43962
9336
4500
5928
48442
2604
40668
37134
19167
12035
10298
15233
31540
27996
43961
32311
45721
42090
16861
44489
1569
28468
19276
11697
13248
17994
7518
1464
3360
33280
43365
47322
42615
47865
3249
7409
468
10268
10894
19634
22302
21191
34867
20193
15538
45179
2504
27611
37268
35716
22099
38836
30535
41374
16884
43782
25720
24401
11597
29079
24033
4961
26400
32999
2825
46000
40407
19645
6267
1300
5630
44920
38842
6848
15113
20732
2026
17616
48342
39293
19683
36792
44480
217
44518
27716
43998
36589
2116
5594
32019
42500
26906
24771
25499
29731
20770
32257
49375
43389
33557
21356
38308
38750
28204
3420
25833
30229
37387
40526
19522
7069
43670
30353
23637
38187
8068
33986
41127
26536
5931
23145
19035
32837
47915
10885
12567
18685
43142
28293
12073
43050
49648
380
31799
27851
20152
23984
24432
7538
14509
10305
30959
8178
40657
20947
12716
15077
4933
3842
41612
10863
26987
26998
43699
24901
37883
22617
9937
31024
909
38361
40425
16909
5093
38575
11111
25244
12558
35542
49133
27067
45846
46443
1596
2855
17390
14312
17931
22322
34505
9542
49536
27843
2891
43235
2744
40773
32203
29032
38148
33112
17393
28572
16372
22485
17147
27482
14080
46056
29376
29564
23122
41573
26007
41070
44427
43396
21733
28709
32069
6237
4602
31604
34080
7493
41190
3175
14617
23393
48558
2765
22856
15950
47688
39227
4786
31186
33060
35217
27242
28787
14781
16715
20360
7139
7784
31138
534
29516
9847
48954
2105
14448
30557
2536
38292
21747
5710
2909
45139
4267
5673
34346
36569
19712
23572
7706
898
22983
9275
28139
1770
24055
44853
22129
31193
18989
19618
48078
14856
29464
47031
16960
10264
43939
19495
48555
15685
41556
1463
27175
12175
23487
27872
15095
43199
1443
22800
44096
40778
32074
38586
42547
22480
33438
31027
20024
18778
644
18101
33634
30108
31483
16945
6723
25422
2792
5277
7458
44347
6740
985
22873
46578
28856
37967
39776
46651
27119
33871
37428
25544
22456
29974
48024
22246
11000
34399
41023
11643
18852
41008
8102
334
7953
14824
42107
10744
36453
15917
21442
9544
16901
44315
6121
12108
48633
45897
8758
25751
46119
46185
17647
34927
42510
32022
23524
19861
16420
14546
31504
35271
5554
5957
1957
29858
37133
10415
6953
23585
26331
28394
49480
43231
39060
5600
5339
4045
17848
30448
46147
30319
42985
13793
15245
35494
45814
38768
5355
28586
19665
3210
30208
41570
25518
32164
21427
12650
42579
28379
2586
18909
23125
18417
28492
28536
40369
182
32580
8216
30629
28727
4886
39965
8871
20130
25459
4685
25249
47165
49622
11266
16726
29829
19187
42243
28345
6966
21245
20923
1696
40182
6183
24820
8599
1026
3356
48967
17559
2287
23534
14540
47365
28420
4504
6236
14901
29962
27272
6502
43478
26893
17767
10203
6721
36953
2446
35065
43918
40042
22339
45614
30223
44874
36785
38821
45899
6492
4139
29810
25131
27673
44349
22495
6092
48852
28730
20992
45166
6001
27493
38643
32893
11611
15198
5966
14916
33995
41030
25185
24036
29721
37150
4258
24594
23935
9431
36844
46778
13569
16653
21908
7593
27353
10755
13684
26205
39484
1028
21370
11837
44872
26364
44729
6483
41561
17046
37750
25555
8076
12934
15942
4148
84
36552
45093
40370
45982
31936
37147
25902
14941
25407
49847
42293
36161
13530
34849
41996
30909
22570
3832
25781
48934
14913
48615
6846
31958
2716
48753
6385
15649
14694
10532
15732
1245
5624
22453
13578
3912
25952
5832
18852
1358
5678
27496
3870
35559
12345
45865
16468
34914
16049
8600
199
30961
23566
7045
12918
26281
5797
19303
8281
36842
29834
40365
38087
1810
12817
18016
5721
38768
23847
40924
6477
45876
34771
26698
31435
13467
38915
14254
48381
4963
39205
14931
2275
29122
21975
15192
5402
44123
846
30034
30965
47032
20398
35403
48841
49567
3418
20913
38334
43617
11836
11163
39492
12958
4212
37278
26425
9478
1531
41157
30792
7087
6087
33066
36208
44414
14610
7961
38536
15455
37995
35852
12486
8392
37606
27678
24310
7376
48590
12644
992
26777
40158
6835
39735
10721
10465
16159
20199
28347
23667
990
35434
29753
34056
21641
24166
15017
29602
29054
30471
33948
31257
9309
8691
18863
36986
33001
42590
1928
11996
9933
45056
18505
16767
34790
29225
43583
17300
15775
21930
40966
16765
7363
37071
17172
45355
27588
32188
24956
6641
29010
25255
4250
38318
33946
23112
41656
16946
32053
43583
28941
41985
38638
47445
25103
39780
43021
18686
23431
8796
40615
30749
41912
47977
17819
9083
9683
45406
7622
991
18399
36631
26245
22648
41301
10190
12111
32956
43487
44163
26538
38779
36147
31527
2575
11249
21306
45596
46286
11089
20743
36900
41837
12654
1228
9655
21736
10911
21412
45709
11901
39810
32339
38145
12457
23639
14687
40919
22946
24525
35081
49483
13304
37579
47362
15878
48828
35019
11473
11465
46107
32215
48365
37943
11220
15944
13949
49307
26854
35361
45015
5106
25170
27354
9603
3979
17344
24289
44897
40290
15165
29978
6124
28468
17556
19837
44346
32735
4856
22170
44200
962
20737
8916
38905
31956
24859
2853
31263
18065
4565
26277
23170
29735
19982
49124
33713
3678
39764
44961
10319
4929
24938
32794
33396
8846
2631
27741
7932
7486
16263
18483
8447
3351
27398
13703
35306
18609
32908
32920
36673
37472
25549
26194
33558
11882
25318
17270
15559
15081
28583
42229
20009
19872
25023
19757
28717
27653
13849
3001
1490
30111
21483
26288
33461
15233
39991
35119
33841
39250
34390
20513
26721
9938
13058
10279
21820
38375
43900
3730
19808
22482
12311
39816
42354
3685
25924
37422
31337
39773
40422
49178
19883
28257
25465
19696
43489
15455
21166
27329
21056
5555
14193
47777
31845
27250
24407
20016
15625
34658
40097
1784
23492
2407
7951
32197
6091
33875
19618
3779
23647
26392
2956
9881
21000
28421
45928
14488
10227
17093
8168
31283
39000
22360
45411
20844
15961
19817
40859
47937
20826
30955
49720
44317
49714
7671
26513
22156
41545
12483
25935
15191
5226
45242
41423
26225
40014
37351
7064
16593
4443
31583
47875
43442
3942
9637
30637
36254
45805
21495
34191
16630
18802
33910
27299
34867
7932
3811
7022
49476
32645
32956
31018
4222
44550
22441
46798
34563
9791
3861
1155
30585
35443
15381
40379
5736
41369
21015
8342
37173
8862
42532
20155
44015
42793
47453
28881
725
17615
35902
200
16612
35210
47570
20833
46111
20010
17631
30673
46152
37843
48180
26736
39638
29912
33466
11725
21281
20833
20066
24805
46046
12597
11311
40060
5390
8763
35292
22466
42730
37545
22665
25693
39106
20234
46525
35216
6595
30507
32241
2746
18350
46772
45834
24339
26683
29299
36063
14315
16483
6129
5472
12528
35077
16782
18939
6818
25545
4230
29283
34626
8127
18300
10318
13584
4885
23194
48800
11480
3701
47392
30577
38402
44163
26410
29092
37197
22061
15154
1512
38543
37634
6983
17423
39063
23764
36361
12232
15660
6943
41515
16637
15069
26166
43306
45004
31050
16500
43803
8881
36552
7546
39458
24953
1708
32219
20396
5257
20631
35549
6768
9174
39535
30102
26596
28597
20217
29308
7180
2229
36250
48694
18865
17670
41211
12171
12674
38613
45022
22828
47493
31573
46726
3302
22877
48433
35521
43272
20041
22503
45172
26808
48028
34706
23261
40975
29654
43478
20283
36834
12058
6532
1879
30922
40554
9442
9444
19579
48054
20817
42406
45546
2389
39131
15200
41617
3916
720
34888
23956
39574
46412
17116
37602
47469
6728
28576
27123
16557
48858
30308
28614
21742
48538
25888
12295
7979
35331
48225
6032
6148
40630
17930
24888
46113
33129
16505
16380
200
17744
6687
39773
14155
23802
27374
11624
30530
5950
5098
47086
21159
1757
42052
42900
16646
17939
21546
24625
19621
19770
47008
25768
26752
31289
17008
39216
30769
33512
5595
30968
17607
12281
37093
31762
2435
30818
9737
49316
36767
14834
12753
24278
32942
4804
33529
49587
22742
5075
40563
42363
41196
3923
34482
34299
35211
1489
23514
15980
1352
29108
13299
35311
7741
391
17072
10175
31209
43160
25842
34327
24345
38594
8604
7286
9750
42133
23224
32491
13559
13787
41205
21106
34061
42039
5405
35623
9879
28918
1602
27583
24378
31253
12893
32118
47995
46316
8644
29203
39475
34485
29882
13819
39430
4837
21104
49179
13321
10679
31670
43231
24465
39226
14337
24877
31264
19741
10500
7495
48658
28453
35077
23035
9705
47969
21504
7700
44284
46499
3254
33758
30983
33135
13928
20413
4324
1383
19591
17644
12061
17612
27227
36526
23190
41563
27754
20805
11303
38253
28299
26312
16706
13375
15699
26410
27695
3554
34109
21978
53
3715
22087
31035
3201
36014
17799
7524
37396
3742
41520
49457
37705
18746
2334
10894
10308
30087
31699
37962
18340
9997
30625
1397
39724
46323
27806
17418
49877
28267
5748
49929
31981
44186
47315
1533
46552
31466
9057
33947
35207
576
49755
22911
35673
18440
157
12332
14879
31855
293
49570
8203
30917
966
14278
43592
45123
48048
43468
23389
20147
9748
21721
14332
23414
23254
10883
4879
48662
11182
6437
15589
10936
29348
1261
45728
45856
13592
10606
44062
30236
26527
2264
27504
27492
32894
21095
22614
30941
30914
12355
17439
40661
34075
31770
30427
23680
42653
35305
22341
20186
41742
4281
47473
37441
5541
43200
33296
35484
20157
27357
32071
46683
45972
9575
24174
45217
30669
13140
42509
11583
25494
9947
18595
25920
41717
49021
15952
721
678
4644
37258
8771
8925
34730
46211
30817
44282
45858
16301
14438
39566
48371
27473
35537
24297
17998
47106
4966
31137
39614
16548
22982
49561
1494
15254
7629
515
31205
24701
1192
35848
11958
9962
44772
13039
22524
25589
7320
18381
8241
38110
7946
22963
15582
9834
47260
33579
6939
18577
31068
12905
1476
4049
12465
2969
19302
36445
19835
16858
11145
37378
2706
39454
13691
13829
2492
36214
5769
9812
20946
14009
47921
45243
3324
29854
21429
16935
13432
44719
35511
44499
7623
36986
14900
36439
6306
553
22883
26141
17411
379
13518
36468
39832
27209
296
8676
29774
6065
34839
720
36425
49111
12314
6100
28964
33742
23034
8747
28461
24896
19598
2435
28233
34497
38874
34539
1401
11756
27031
18811
28487
40548
5278
34670
34108
21926
43345
13882
27990
44535
14601
30766
43645
43266
36866
38960
27008
26251
14059
21820
17499
33656
24254
45731
18152
13127
46621
35904
41235
23651
4715
19721
14199
26344
20742
48306
48269
14087
12187
26258
24973
43139
23376
34970
2757
26593
23929
29764
2843
37987
17935
20341
37994
8540
32424
22497
21667
29044
8401
29253
2695
13115
15325
16893
39458
36066
31550
4079
16504
10089
30336
41477
3227
20063
42798
5983
46655
33078
2098
15850
37417
36384
36190
25410
44924
18613
47907
32942
14009
6307
12194
16703
35773
43870
49947
41582
29935
31496
45660
12791
41584
42348
20619
11163
12410
13416
33497
25417
46493
1947
41266
261
38330
43807
25671
33253
28772
39929
32546
42780
12587
11091
9482
48359
4960
9428
6292
1247
7275
18304
14037
48859
10651
1007
26373
39412
30774
9869
14828
43618
11815
22445
43879
16497
16252
19549
49749
45023
9477
48647
37802
38415
9737
13635
36773
14697
39414
9416
15943
46688
27719
46331
11898
4721
13689
38270
44133
44462
48139
25312
38079
26305
14109
31957
42801
30360
17857
8902
41734
43685
7548
45887
32099
17284
9521
35223
31980
48934
44639
14274
11973
22357
26956
23871
27078
6996
12140
37562
1457
10278
29225
5888
36583
43333
4196
45735
40044
22053
4636
31777
32089
12183
27663
14188
29467
37183
15762
27798
2468
10400
8424
30793
49109
35379
4663
42538
42375
16802
46451
10183
43432
25675
16070
46366
35360
20266
42100
25403
8670
46736
7180
40758
8918
34842
21297
4736
38377
37059
32534
7196
13810
40957
37988
12918
42687
9002
5455
35061
25804
18257
11596
35587
43932
44017
31952
29291
14282
40403
21045
39303
37138
28224
30061
12408
29418
17709
17143
34146
4767
49676
7693
18577
6984
12033
47846
49671
21034
19653
1083
13189
37909
12678
48775
48192
6695
30726
43834
37328
21129
14879
26631
24618
9454
23043
37025
5223
7103
20520
5720
11870
36547
13413
46798
43531
41797
10995
9553
12830
30647
10635
26019
18556
39665
24793
33099
12711
21871
26933
16390
9351
8163
9372
33968
17616
32414
37345
22839
5869
7864
28558
34090
10762
8322
30887
4292
118
8233
13844
12948
38880
40831
5318
23787
30495
46462
6885
9557
34684
169
25946
44034
8331
35318
44354
42299
34083
31698
31489
39951
5913
10046
24040
16674
34720
21278
20966
34837
29511
1161
14136
18390
41991
35805
8528
38837
32267
31764
48393
16950
31933
24339
27336
6615
26008
21689
48913
10090
3386
30401
41
9298
6799
40432
25971
41518
11710
13288
42706
7572
30801
23194
25961
39143
8998
840
27980
7616
32603
42724
24566
30887
33414
1901
37502
9421
39941
2766
19511
43326
49519
35903
18975
6317
26334
11297
14186
4395
40937
23243
11966
21737
46436
4278
10879
5434
5117
5210
13049
4072
47934
3966
34958
31347
22218
38811
7120
12158
7929
42982
5483
7447
28884
40809
13763
21569
2106
44300
42316
43042
17542
4281
14778
13978
8559
42008
19411
30027
47218
48811
34098
45151
2777
35408
42849
24994
40570
16320
37152
48498
9301
8986
5944
4536
16147
36058
42457
18252
46709
34772
27645
14251
39052
8774
44580
13962
781
30342
43989
47998
29152
44438
9500
48280
46197
18701
23274
36767
35020
26777
1616
44321
2114
7560
15208
18260
9969
7664
2863
6678
42435
30507
20928
47839
39280
15507
11800
6413
45848
22140
20762
41351
32930
30262
39631
29126
48962
29256
32244
33981
6032
33860
44653
24497
7771
9861
42757
17739
33876
45619
24416
26311
42478
11695
24149
48109
27201
2300
4521
39400
24440
25283
47103
7369
21896
36733
2846
37209
15988
35090
37541
38371
35301
32194
12867
43071
8406
21975
10809
42281
33946
1577
34943
26423
13271
9091
24531
6824
27743
45404
46223
2182
37038
43325
25902
8933
46409
45099
46141
28748
30188
33681
17118
31840
32226
46337
41262
6983
18311
2071
49264
18608
19999
34206
45030
33269
9649
35913
40092
37391
31316
2667
5924
34705
12343
31825
9989
8752
26923
6129
37499
23463
6161
20969
21654
4739
17305
12916
11721
1967
31338
27336
20575
1336
11542
31956
34604
37542
17868
41048
41284
15535
43714
47207
16591
6056
45383
26579
14807
22305
49059
18658
12119
21572
5978
33773
26310
23282
46688
4382
41600
28025
31718
28526
45712
9611
26834
30315
47152
11053
21362
4787
42940
31427
1993
9530
37483
47375
36109
18641
36031
1519
3650
48150
23090
9627
48274
15751
49260
11313
20133
40860
5689
1850
35737
1400
27812
12570
48066
41315
23623
35780
46101
32914
17206
48093
42443
4688
11819
44903
39681
47849
46422
43330
12350
35863
2957
10623
1614
2216
38287
21746
9427
43975
39947
11516
11726
17758
40437
9792
9072
30411
45571
21524
13324
12776
19616
5767
33816
31434
17021
39848
45634
29794
33177
7984
15657
2485
34958
17270
21053
23245
5367
46831
33571
11665
8346
45297
45774
15135
21440
21197
45545
17010
42720
8869
46137
28687
30987
46304
10120
48007
36151
5753
27801
35680
30088
43457
4516
15046
27078
41920
4642
48796
38751
38212
26812
13448
49860
22585
28582
21299
43781
24127
4660
2852
49347
797
31538
30333
13452
8009
44691
15955
30113
38843
17986
10201
48651
22501
41598
42080
30773
12591
40875
19523
802
17686
49322
17014
6622
44256
38312
16754
34734
42972
19605
34080
10120
1142
30764
23571
25502
41806
5877
5615
30649
23862
15815
45651
12715
23764
37731
43487
36354
28605
29361
3507
12643
28682
20520
19264
39289
25184
36018
24022
18155
21974
24453
44626
39468
21568
34548
14969
13374
40425
20583
10374
14286
2749
6024
27000
42864
43754
20486
29217
38711
16198
49076
17705
11232
19595
3320
520
11130
5689
40894
29284
27663
15346
40261
33482
36914
24809
48450
16639
15233
19033
43364
45870
38133
49387
22870
30997
9493
9707
26565
14555
25905
25640
48611
37136
45235
1930
4007
22716
23971
44900
2000
17985
10246
8612
1466
13511
33420
49915
46501
15004
35299
39864
10874
23432
5602
95
4428
31446
9801
47344
12352
2057
22984
10962
5544
34570
29244
9551
7285
3214
4450
25636
21198
31047
34248
39015
10909
34019
38929
7409
49023
24228
13624
9896
14011
19226
9990
34790
671
36142
32133
29375
38199
5116
40336
10094
39685
19579
19644
13322
39144
40446
38957
26693
37844
23204
15707
48753
7223
20988
22513
22597
11567
36137
48844
25577
21714
8833
10366
38736
11326
8850
18110
15876
13966
8446
25970
20002
44376
45613
33323
49872
2410
22280
42916
40254
11835
8623
5358
35409
45962
27870
8005
7528
30358
6848
33104
2071
32032
9821
7159
9710
18670
25268
25585
48987
65
1554
18989
10793
13519
18663
10664
15928
7294
3579
6181
19129
28553
27890
20889
24514
5760
45246
32041
2469
18445
31496
4540
477
41316
11698
26538
9986
3317
2122
25324
3382
20028
44312
30526
33546
29327
41189
49473
36620
11119
22006
22100
39672
49895
9341
30537
22006
4586
12578
24475
23030
44073
45366
39858
1741
23415
16395
28078
26731
18517
3401
46464
4896
14065
26989
38441
43391
34529
4265
46362
45648
42622
34814
1671
8869
44154
32207
30874
48739
11136
21700
38120
21561
17065
27978
23301
6831
10724
1378
33562
29240
4778
46377
34135
18842
39718
38927
28584
24246
43192
24946
36245
2165
26111
37915
11033
20264
20122
8259
35354
47609
29958
23473
19169
13375
17802
42469
20205
28526
10198
20118
24117
14976
16495
24604
169
22564
13530
28753
46809
23073
20050
33054
25238
46160
20968
36270
32775
7441
44528
34480
5050
40838
7952
40570
4212
42106
33039
40768
20631
43236
10886
11099
24563
43732
35702
41084
16295
15584
36188
13103
5008
6237
12508
30245
18748
33476
32867
17874
7268
43746
2353
28669
34583
26656
19239
5146
18761
18629
45914
5743
28216
6799
33194
2779
16882
18895
43862
33176
830
30049
12630
5838
2637
25138
2434
37736
24965
1652
5609
32232
45398
24313
27253
46332
968
46491
17830
36081
15119
13743
8175
9686
36893
41368
12464
3774
26615
22677
3301
27444
19077
15930
49633
38065
41067
2067
25800
16031
3718
47760
14615
15467
22072
41867
28151
39392
38357
45980
25472
19827
26074
33646
29512
12966
41366
8328
33091
17980
47356
36391
45423
16433
18672
11408
4497
9739
29826
46649
25769
33543
44408
6735
15362
32832
48601
43512
22223
36957
39491
14046
23135
15564
47691
18999
44881
5408
27326
44323
23387
24681
47065
35162
7465
15736
46569
11962
25474
26394
24962
17595
26288
19369
24329
41649
18552
39282
1512
40774
42590
7354
4819
15725
39269
18862
34723
34149
24269
28400
44823
14008
3080
41887
49169
10545
7623
12089
38858
49448
38482
13819
33394
31121
49539
24075
22770
18091
13356
40633
8864
5945
47987
30035
21669
37255
15248
22743
37756
5868
1142
32578
19875
20574
24465
35395
47470
48439
47483
36327
47886
2316
16497
31280
33437
16035
5354
22558
34125
18709
13190
9341
41005
27528
5727
12674
14783
20974
1768
2538
43193
2910
1467
29420
39835
25931
14814
37304
24369
12297
23630
22255
30964
40126
19886
14400
22512
41591
36957
6637
10299
16499
32329
1303
44026
38055
30328
25160
25380
32096
44049
18572
1357
45516
47991
7543
21446
29157
44846
12167
7805
34827
773
38768
41304
20658
3168
13815
12248
6476
20451
38898
39326
19131
6552
49704
7185
36880
24863
48916
35327
18912
33840
3035
14427
31830
10577
2224
27338
21774
14390
35142
6600
15162
40262
47903
2171
43429
11717
30770
16256
48520
19667
21934
17650
26219
21637
41187
29450
12851
40102
31128
31762
23941
514
12540
22123
11090
14764
15812
32863
45505
954
5814
27019
41215
3716
45541
995
31784
26311
33602
30303
45977
5535
14305
38547
43523
21843
34348
6374
28296
15475
4487
18589
15988
17027
40711
43429
48142
22874
42643
9998
23827
48456
37016
31393
18523
32557
48739
307
25219
48693
30609
21195
20579
11265
26094
14102
33107
10441
36827
11403
42268
41313
29991
24607
8339
37053
34388
22832
26278
27030
32830
16457
41838
36197
47849
10360
35105
12940
10666
10323
11632
7627
47870
48562
35243
40315
12663
34702
755
49489
12456
9374
7154
8798
33981
31844
45850
18368
4676
38479
11749
3857
4935
19938
6405
19136
30298
7862
32075
7315
34536
10058
31293
48757
8619
32888
39071
37634
17589
39826
3474
30044
15551
10627
38841
49531
42471
1042
34250
13498
39520
12351
33706
44455
32288
6462
13590
28937
14323
12016
36252
15211
22073
33896
13967
47043
16783
3038
34676
723
9215
4502
30766
24765
15128
35958
24296
23950
36999
24897
3799
42871
37247
3856
37325
35887
10318
17266
14823
40992
29281
17426
6202
17705
17674
20169
31099
808
23206
15775
1531
32420
20276
32296
7184
1755
18254
47831
42057
21604
39080
45855
14474
42678
49711
18150
28564
26380
35415
9739
17371
31047
43516
23573
15103
11189
43741
46202
11997
33298
11976
29879
15717
48603
12174
39252
16709
46779
3435
8765
34735
42514
20972
49208
35191
37034
17358
30107
13413
19124
6197
30783
16523
49712
4355
31625
27253
14447
27826
5601
47744
6153
35479
29812
21107
14004
19064
37816
27135
38850
12932
11869
31363
33903
27428
32905
20936
44785
29363
34348
30261
35559
31483
46783
1623
35837
44759
28875
16636
22585
34475
14379
45089
36305
44191
16196
308
29606
20363
27442
18455
49646
39310
16169
33549
16738
49073
20836
27874
44788
21536
24486
30346
3018
37620
48320
5206
32379
27194
38193
21315
28020
2572
16403
14324
13114
48950
30984
9071
35664
8425
27525
35310
14087
10045
35210
47176
25469
6045
41401
20256
43932
32239
602
46949
19858
48921
18507
2236
42467
6699
39902
36838
25622
22657
1162
5087
21606
48497
14157
7270
6921
8033
8931
37359
18077
44140
886
43546
16536
42287
13801
10468
24525
30754
23768
10734
46027
8626
29322
4845
15325
19223
41682
7298
41879
9195
12385
29837
7691
26541
3458
30964
926
12388
34674
19002
22879
35560
28899
39414
44198
42700
49881
35074
39805
23649
45807
35831
32274
25128
7027
13950
10703
48709
21248
2581
7903
49984
32417
31946
42876
2226
12909
43801
14613
47582
12803
37491
33141
41701
26905
43690
752
43137
28763
40557
33137
24570
42739
31763
16049
49766
12064
26751
48474
49663
29332
22728
49646
28100
4673
42522
30326
17581
36322
11290
31515
49124
15133
31007
7177
8389
24697
24280
1525
3459
14836
1014
44380
23927
32776
10429
40044
44839
3531
4869
44502
49214
27596
44147
27314
48621
3020
23991
32553
39342
1632
14067
4817
16764
11426
28345
25152
36122
2625
26677
5932
33812
27690
16664
7738
26817
27092
47781
21655
30622
2649
32508
29836
46597
43007
23501
45217
46026
13843
27769
1719
15474
8188
6536
32238
19613
1232
7389
22086
3856
417
28017
37668
44458
44680
11757
21274
38123
25890
9281
35097
28538
41788
31284
41486
34794
4784
36702
47172
34978
30823
48890
451
39010
21777
49040
24974
23009
22781
47059
26864
23197
25075
30883
34007
36107
42640
5280
24229
18529
30912
25677
13418
22700
6960
4904
23845
28095
7957
37368
13072
5131
36258
29875
44140
8034
45266
19113
47394
18046
32523
24258
7595
7598
21492
41601
10056
14131
13232
636
49011
44144
26313
28781
16843
33272
36
7039
27719
7992
44407
40790
29475
47016
37016
23614
5049
32282
9079
18795
16679
7953
43052
24273
31902
14543
32225
41957
45026
45457
42593
10388
39600
18905
39168
22794
18528
39203
46184
46246
13547
40590
3388
43021
37605
40403
32986
9006
39036
8416
27800
5715
16369
37203
29987
48270
18097
12212
40227
29474
24020
49171
39862
13619
34427
45381
2764
2954
34584
48947
15552
48130
5889
18939
7502
9845
25693
40487
18850
14729
15255
13001
36795
31623
16555
16781
46244
1004
45344
2822
30477
19363
1992
36690
49333
36418
32071
2096
5724
16654
17395
37627
31135
23283
6565
4988
49479
48609
45474
18329
13337
27080
47681
16483
25054
30588
33264
21298
31591
44959
24119
12067
30674
42463
15109
30006
45232
47179
48454
17307
30184
32200
4933
11318
21834
27849
16305
21312
26458
28130
5992
6146
5210
20025
22629
46615
612
22244
17912
32202
17202
8383
10620
14227
17197
25728
10585
28780
39258
25390
46087
19441
7589
1019
47110
29422
45220
13414
17085
21677
7896
23077
27822
29457
43101
450
26071
43712
22693
10335
42265
6247
35069
19236
20473
2265
11316
31057
31044
573
6446
43482
36366
30386
10853
33475
9807
6072
46889
43244
27748
21136
16320
21921
592
25772
22371
43014
35835
11415
19700
28099
17661
4768
13686
38134
7032
25001
35542
4428
41926
8340
14261
28291
38725
25113
11765
14884
47536
25005
8127
25283
46140
24446
47204
13083
16569
35926
22449
2403
47340
42148
30501
31353
46916
10538
35838
20299
35539
37731
41078
43816
46070
21691
22106
34795
46803
222
49678
44339
25227
7804
35973
37718
48601
49528
17153
15169
1805
5953
17571
15497
48100
14423
46849
11367
24960
49038
48018
26850
36768
5447
37017
32838
27137
25474
17632
40292
25696
33661
982
17274
41464
3306
21343
6416
19186
38495
37936
20990
44447
21858
36486
8899
36280
49686
36617
27591
15075
986
20793
1843
22785
7809
34680
16273
33283
18663
6564
25330
2323
23897
42603
10138
27203
13945
32905
46388
18792
20840
33729
29590
42697
36567
4840
45328
36252
41457
39270
17679
8794
10062
19521
31578
34223
20552
47851
33857
39214
20766
25538
7888
44663
18140
34377
38217
48436
17281
34604
17227
4472
34684
46817
13520
21250
1656
8847
23854
9464
48116
41532
18258
24530
11052
16187
25104
47955
14037
25312
37168
1155
849
11407
45817
18988
45783
34033
17423
29415
34988
1002
238
19671
14170
13757
7273
32177
22603
31126
41641
37070
22657
26250
11599
60
42436
3054
48014
22825
28365
1533
23979
29213
29291
36147
14552
41425
36531
48327
20839
37870
49328
21076
23892
29849
34832
31164
12025
23786
28641
3665
10855
17649
46266
38806
17708
38702
8211
32073
27878
36576
33605
18208
32140
12895
20706
46692
4319
23588
45018
41509
11457
10697
28936
1700
40545
30119
49216
2569
3904
27856
22586
31111
45505
18851
36268
29564
23904
10830
11637
1781
47405
11593
36340
45897
24488
7045
42588
45158
30632
3957
3019
8440
31005
31954
10140
37901
28425
9355
6821
48680
37210
29406
29790
32714
14609
32409
28630
38512
43239
40266
6645
6995
1858
9336
2891
42697
16381
11830
37855
47012
32138
7225
21804
13142
39178
31943
1042
33954
41297
7863
32634
44858
3620
28775
43924
34580
11184
22553
23092
20774
12818
46088
44120
31027
5423
47011
23724
38155
25192
27930
1519
7330
35154
23322
36823
40683
5264
4217
24637
12912
28431
7270
7769
48402
36044
18044
32982
13579
40596
22425
34352
19765
18512
28472
792
40286
41834
24515
28441
33377
2444
46311
40706
3949
19632
43881
44631
41247
48097
35619
4158
42879
42888
28278
41280
45284
46322
24261
8862
36917
46685
9566
23034
31548
4389
23825
38186
46222
14691
16626
29598
33486
29288
36656
37434
48919
30536
48416
40165
44984
34035
44322
37862
43274
38951
45493
38557
35272
19754
13771
38541
32790
23336
11574
30690
27724
1750
18875
23945
16440
1852
19894
49925
31139
6549
3710
30057
3436
2125
36573
14771
2511
47246
18984
45785
36196
14477
693
37820
582
14463
26360
49723
37798
4285
30412
15521
6034
49286
5817
22473
17489
42063
38749
48627
14963
42458
45035
18399
44582
31607
49521
47093
28852
18505
9229
31400
32981
9921
19219
49914
24384
11930
49636
28533
16214
30048
10406
22247
45685
32574
11071
13174
24636
16171
28152
39599
8628
23187
24349
19561
21145
40221
33005
16349
8725
42233
47748
41705
18506
33318
41618
42889
45247
7606
37773
11460
37653
48178
58
33337
30752
27480
12862
5387
43650
41014
11337
2277
30552
2037
21837
18048
42258
21194
34396
982
13426
48495
9039
31931
31812
17008
41171
43410
40965
45296
4869
28617
43473
21278
28306
24224
48757
7519
45963
42406
14884
23651
44682
45435
42040
32871
13483
34297
4064
14230
1630
33841
29077
27020
32124
27240
10380
39646
20650
1344
34941
41870
46313
28414
13148
40970
18989
11904
48488
31303
20662
13372
21306
31695
8806
13345
30917
38640
13993
34980
19222
31974
35173
48298
8994
33648
41889
35725
23293
12538
3420
8234
4408
49732
2999
33907
40701
38339
12162
5541
19642
32823
18912
40947
14518
44069
20643
45434
49061
34635
46766
18282
16608
48290
32931
41953
31937
24819
44029
21581
37357
47449
29814
8116
13532
49164
8374
20585
37503
20535
26125
23496
3358
11388
30794
34227
5456
17788
46012
